a00013 0 0 0 1 0 0 0 1 0 2 2 0 1 0 0 0 1 2 2 1 0 1 2 0 0 1 1 0 0 1 1 0 0 1 0 0 1 -9 0 1 1 1 2 0 0 2 1 2 1 1 2 0 1 1 0 0 2 0 0 1 1 2 1 2 1 2 2 2 0 2 0 1 1 1 0 1 2 0 1 0 2 0 0 1 1 1 0 0 1 1 1 0 1 1 1 2 2 1 1 2 2 1 1 1 1 1 0 1 1 1 2 0 1 0 2 0 0 1 0 1 1 1 0 1 0 1 0 1 0 0 0 1 1 1 1 0 0 0 2 2 1 0 0 1 1 0 1 2 1 0 1 0 0 -9 0 1 0 2 1 0 0 2 0 0 0 0 0 0 -9 0 0 1 1 0 0 0 1 1 2 1 1 2 1 2 1 0 2 0 2 0 0 1 1 1 2 2 2 1 1 0
a00008 1 1 1 1 2 1 1 1 1 0 1 0 1 1 1 1 1 1 2 1 2 1 0 0 0 1 1 2 2 0 1 2 0 1 1 1 1 2 1 0 0 0 2 0 1 1 1 0 1 0 1 0 2 1 1 1 0 0 0 1 0 0 0 1 0 1 1 1 1 0 1 0 1 1 0 1 0 2 1 0 1 0 0 1 1 1 1 1 0 0 1 0 1 1 1 0 1 2 0 0 1 1 1 1 0 1 1 1 0 2 1 1 1 0 0 0 0 1 0 0 1 1 2 -9 0 1 1 2 2 2 0 0 0 2 2 2 1 1 1 0 0 2 2 0 2 1 0 1 0 1 1 2 1 1 1 0 1 0 1 1 2 1 0 2 1 0 1 0 1 1 0 2 0 1 1 0 0 1 0 2 2 1 0 0 1 1 0 2 1 1 0 0 1 1 1 0 2 0 0 0
a00011 0 2 1 2 2 1 0 2 0 0 1 1 1 1 0 1 1 0 0 0 0 0 0 1 1 0 1 2 0 1 1 0 1 1 0 0 0 2 1 1 0 1 1 1 1 0 0 1 1 0 1 1 2 0 2 1 0 1 0 2 2 1 1 0 0 2 1 0 0 0 1 1 1 0 2 0 1 0 0 0 0 1 1 2 0 0 0 1 0 1 1 2 0 2 0 2 0 1 0 1 1 1 1 1 1 2 2 0 0 0 1 1 1 0 0 0 2 1 1 2 0 2 0 0 1 0 0 1 0 0 1 1 0 1 1 0 0 1 0 0 1 1 1 2 0 2 0 1 2 0 1 1 0 0 1 1 0 1 0 0 0 2 1 1 2 0 1 0 1 1 0 0 0 0 1 0 1 1 2 1 1 1 1 1 0 1 0 2 1 1 2 1 0 0 0 0 1 0 2 0
a00023 0 0 1 1 1 0 0 0 2 0 2 1 1 2 1 1 0 -9 0 2 0 1 1 2 1 1 1 1 0 0 2 1 1 1 1 1 0 1 1 1 1 0 0 1 2 1 0 2 1 0 0 0 1 0 1 1 0 2 1 0 0 0 2 1 0 1 0 2 0 0 0 1 0 1 0 2 1 1 1 1 0 1 0 0 0 1 1 1 1 2 2 0 0 0 1 1 0 0 1 1 2 1 1 0 2 0 2 1 1 1 1 0 0 0 1 0 0 1 1 -9 1 1 0 1 1 1 0 1 1 0 0 0 1 0 0 1 2 2 2 0 0 1 1 0 1 1 1 0 1 1 0 0 1 1 1 0 1 1 0 1 2 2 0 1 1 0 1 1 0 1 1 2 2 2 0 0 2 0 0 0 1 2 1 1 2 1 -9 -9 1 2 2 1 1 0 1 1 1 1 1 0
a00006 1 1 1 0 0 0 0 0 1 1 1 1 1 1 0 1 1 1 2 1 0 0 0 1 0 2 0 1 1 2 1 0 0 1 1 0 0 1 2 1 1 0 0 0 2 1 1 1 1 1 1 0 0 1 1 0 1 2 1 1 2 2 0 0 2 1 0 1 0 1 0 2 1 1 0 1 1 1 1 0 1 0 0 1 2 1 1 1 0 1 0 2 1 1 2 1 0 0 1 2 1 0 0 1 1 0 0 1 0 1 1 2 0 0 0 2 1 1 2 1 0 0 1 0 2 1 1 1 1 2 0 1 1 0 1 0 1 2 1 1 0 1 2 0 1 0 2 1 1 0 0 1 0 1 1 2 0 0 1 0 0 1 0 0 2 1 0 1 1 1 0 1 1 0 2 0 0 2 1 0 0 0 2 1 0 1 1 1 2 0 1 0 1 1 2 1 0 1 2 0
a00004 0 1 1 1 2 1 1 0 0 1 1 0 0 1 1 0 1 1 2 1 1 2 1 0 1 0 1 0 2 2 2 1 0 0 1 0 1 0 0 0 1 1 0 0 1 1 2 0 2 1 1 1 1 0 1 1 1 1 0 1 1 1 2 1 2 1 0 2 1 2 2 1 0 1 1 1 1 1 0 1 0 0 0 0 0 1 0 0 2 0 0 2 1 0 2 1 2 1 2 0 1 1 1 1 1 2 2 0 1 1 1 2 1 1 2 0 2 1 1 1 2 1 0 2 1 0 1 2 1 1 1 0 1 0 1 0 2 1 2 2 0 0 1 0 0 1 1 1 2 0 1 0 0 1 0 1 2 2 1 0 1 1 0 0 1 0 0 1 1 0 1 1 1 1 1 0 0 1 1 0 1 1 0 0 2 1 1 2 1 0 1 1 1 0 2 0 1 1 1 1
a00018 1 1 1 2 0 1 1 1 2 1 0 0 2 1 2 0 1 2 1 0 1 2 2 0 1 2 1 1 0 1 0 0 0 1 1 0 0 1 0 1 1 0 0 1 0 1 0 2 2 0 1 1 0 1 1 1 0 0 0 1 2 0 1 0 1 0 2 1 1 1 1 1 0 1 1 0 2 1 1 1 0 2 1 1 0 1 1 0 0 1 1 1 2 1 2 2 1 1 1 1 2 1 0 0 1 2 0 1 0 2 2 1 0 1 0 1 1 1 2 2 -9 1 0 2 2 2 2 0 1 1 2 0 2 0 1 1 1 1 0 0 1 2 0 2 1 1 0 0 2 1 1 0 0 2 2 0 0 1 0 1 0 1 1 0 2 2 0 2 0 0 0 1 0 1 1 2 1 1 0 1 0 0 0 1 0 1 2 1 1 1 1 0 1 1 0 0 0 2 1 0
a00005 0 1 1 1 2 1 0 0 1 2 1 0 0 0 1 0 0 1 0 1 1 2 1 0 1 0 0 1 2 0 1 1 1 1 1 0 1 0 2 2 1 1 0 1 2 1 1 1 2 0 1 1 0 2 1 1 0 1 1 2 0 1 0 1 1 0 1 0 0 0 2 1 2 1 2 0 0 2 0 0 0 1 2 1 0 1 0 2 1 1 2 2 0 0 0 1 1 1 1 2 2 1 1 1 0 1 1 0 0 1 0 1 0 1 2 1 0 2 1 0 0 0 2 1 0 0 0 1 0 0 0 0 1 1 0 0 0 2 0 2 1 0 1 1 1 0 2 0 2 1 1 0 1 1 0 0 1 0 -9 0 1 1 2 0 1 0 2 1 0 0 0 0 -9 0 2 0 2 0 0 1 1 1 1 1 2 1 1 0 1 2 1 0 1 1 0 1 0 1 1 1
a00016 1 0 2 2 1 1 1 2 1 1 2 0 1 0 1 1 1 2 1 0 0 0 0 0 1 2 0 0 1 2 1 2 1 2 0 2 2 1 2 1 0 1 2 2 1 1 1 0 1 1 1 0 1 1 1 0 0 1 1 0 1 0 1 0 0 2 0 0 1 0 2 0 1 0 2 2 1 0 1 1 1 0 2 1 1 0 1 1 0 1 0 1 1 1 0 1 2 0 1 1 2 1 2 1 1 0 0 1 1 1 2 0 1 1 1 2 1 1 1 1 1 2 2 2 0 1 1 1 2 2 1 2 1 1 1 1 1 1 1 0 0 1 1 0 0 0 0 0 2 1 2 1 0 0 1 2 1 2 1 0 1 2 0 1 2 1 1 0 0 2 0 1 1 1 2 0 0 0 1 0 1 1 2 0 1 1 1 0 1 2 0 1 1 1 1 1 1 0 0 0
a00007 2 1 1 1 2 2 0 0 0 0 2 0 0 0 2 0 2 0 1 1 1 0 1 0 0 2 1 0 1 1 1 0 0 2 0 0 2 2 0 1 0 1 1 0 1 2 0 0 2 0 2 1 1 0 0 0 0 1 0 0 1 0 1 1 1 1 0 0 1 0 0 1 1 1 2 1 1 0 0 2 1 0 0 1 1 0 0 1 2 2 0 0 1 1 1 1 0 0 1 0 2 1 0 1 0 0 1 1 0 2 1 1 0 1 1 2 0 1 0 1 1 1 1 0 2 2 0 2 2 2 -9 0 1 0 2 2 1 1 2 1 2 1 0 1 1 1 2 1 1 0 1 1 2 1 1 1 1 0 0 0 1 1 2 1 0 1 1 1 0 1 1 2 1 1 1 0 1 0 1 1 2 1 0 0 1 2 1 0 1 1 0 1 0 0 1 0 1 0 0 2
a00002 0 0 1 2 0 1 1 0 0 2 2 0 0 2 0 1 1 1 1 1 2 1 1 2 1 2 0 0 1 2 0 0 1 1 0 1 0 1 1 2 1 1 1 1 0 0 0 1 0 2 1 0 0 2 2 1 0 1 0 1 2 0 1 1 1 1 1 1 0 0 1 2 1 2 1 0 0 1 2 2 0 0 1 0 1 1 0 2 1 1 1 1 1 0 2 2 1 0 2 1 1 0 0 0 0 0 1 0 1 2 1 1 1 2 1 1 -9 1 0 1 1 1 0 0 0 1 0 1 0 0 0 0 0 0 1 0 1 1 1 1 1 1 0 1 2 2 0 1 0 1 1 0 0 1 1 1 0 0 1 0 0 0 1 0 0 1 0 0 1 0 1 1 2 1 1 0 1 0 0 0 1 1 0 2 1 1 0 0 2 1 1 0 1 0 0 0 0 2 1 1
a00010 0 0 1 0 -9 0 -9 0 0 0 0 1 1 0 2 2 0 1 1 0 1 1 1 1 1 0 2 0 0 1 2 0 0 1 1 2 0 1 2 1 2 0 1 1 1 1 0 1 1 2 0 1 0 2 0 1 0 2 2 -9 2 0 0 0 0 0 0 0 1 0 1 0 2 0 2 1 0 2 1 2 1 2 1 2 0 2 0 -9 0 2 0 2 1 1 1 1 1 1 1 2 1 0 1 2 2 1 2 1 1 0 1 0 1 1 2 1 1 0 1 0 1 0 0 1 2 1 1 1 2 0 0 1 1 0 0 1 2 1 2 0 1 0 0 1 0 2 1 1 2 0 1 0 1 1 1 1 1 0 0 1 0 1 2 1 1 0 0 1 1 0 1 0 1 1 1 0 0 1 1 1 0 1 0 0 0 1 1 1 0 2 2 0 0 1 1 0 1 0 2 1
a00017 0 0 1 0 1 1 0 0 1 2 1 1 1 0 1 0 0 1 1 0 0 0 0 2 2 0 2 2 1 2 0 2 1 1 1 0 0 0 2 2 1 0 0 1 2 0 0 0 2 0 0 1 1 1 0 0 2 0 1 2 1 0 2 2 1 1 0 1 1 1 1 1 1 1 0 1 1 1 1 0 0 0 1 2 1 2 0 2 0 0 0 0 1 0 1 1 1 0 2 0 0 1 0 1 1 1 0 1 1 0 1 1 1 0 0 1 0 0 2 1 1 1 0 1 1 1 1 1 1 0 2 1 0 1 2 2 0 1 1 1 0 1 0 0 2 1 0 1 1 1 0 1 1 1 2 0 1 1 0 0 1 1 0 0 1 2 1 0 2 0 0 0 1 0 2 1 0 0 0 0 1 1 1 2 1 1 0 2 1 0 0 0 0 0 2 1 1 0 0 1
a00021 1 1 2 0 1 0 1 1 0 2 0 0 2 0 0 0 0 0 1 1 0 1 2 1 0 1 0 0 0 2 0 2 1 1 1 0 0 0 1 1 0 1 0 1 1 0 0 1 0 1 1 1 1 0 0 2 1 1 1 1 0 1 0 1 1 1 2 1 1 1 0 0 1 2 1 0 0 1 0 2 0 1 0 1 0 0 1 2 0 1 1 1 0 2 1 0 0 1 2 1 1 0 1 1 1 2 0 0 1 1 1 1 2 1 1 0 0 1 1 1 1 0 1 0 2 1 0 0 1 0 1 0 1 0 2 1 1 0 0 1 1 0 0 1 0 1 2 1 0 0 1 0 2 2 0 1 1 2 1 2 0 1 1 2 1 0 0 2 0 1 1 2 0 2 0 0 1 1 1 2 0 1 1 0 2 1 1 0 1 1 0 1 1 0 2 2 0 0 1 1
a00001 2 1 1 0 0 0 0 1 0 0 0 2 2 0 2 0 1 1 2 0 0 0 2 1 1 1 2 0 0 0 1 0 1 0 2 2 2 1 0 1 2 0 2 1 1 1 1 1 1 0 2 0 1 1 2 1 1 0 1 1 1 0 0 0 1 1 0 0 0 0 0 1 0 2 1 1 0 2 1 1 0 0 1 0 2 2 1 0 2 1 2 2 1 0 0 1 0 0 1 1 1 1 1 2 2 1 2 0 1 2 0 1 2 1 0 0 0 1 1 0 1 1 0 0 1 0 0 0 1 1 1 2 0 2 0 1 2 1 1 2 0 2 2 0 1 0 1 1 1 2 0 0 1 1 1 0 2 1 2 0 1 1 1 1 0 0 0 0 1 1 1 1 0 0 2 0 0 1 0 0 2 0 1 1 0 2 1 2 0 1 1 -9 0 1 1 1 1 1 1 0
a00012 1 1 0 0 1 1 0 1 0 1 0 1 2 0 1 2 0 1 2 2 0 2 1 0 1 1 1 0 1 2 2 1 1 1 0 0 1 0 1 1 2 0 0 1 1 1 0 1 0 1 2 1 0 0 1 0 2 0 2 0 1 1 1 0 1 1 2 0 0 1 1 1 0 1 0 0 1 0 1 1 0 0 1 0 2 1 0 1 1 2 0 1 1 0 0 0 2 0 0 1 0 1 1 2 1 1 0 1 0 0 2 1 2 2 1 1 1 1 0 1 2 1 0 2 1 1 0 0 0 -9 2 0 0 2 1 1 1 0 0 1 0 0 1 0 1 2 1 0 2 0 1 0 0 0 0 1 0 1 2 0 1 0 2 1 1 0 1 0 0 0 0 0 0 2 2 1 0 1 0 1 1 2 0 0 2 0 0 2 2 1 0 0 0 0 0 0 0 0 1 0
a00022 0 0 0 0 2 1 0 0 1 1 0 1 0 1 0 1 2 0 1 0 1 2 2 1 0 0 1 0 -9 2 1 1 1 0 1 0 0 1 1 0 0 1 0 1 1 0 0 2 2 0 0 0 0 0 1 1 -9 0 0 0 1 0 0 0 1 0 1 1 0 0 2 1 1 0 1 1 1 2 1 0 1 0 1 1 1 0 0 -9 0 0 2 0 1 1 2 1 1 0 0 2 1 1 0 1 0 1 1 1 0 1 2 -9 1 1 1 1 0 1 2 1 1 1 0 1 0 1 1 1 0 1 2 0 0 1 2 1 1 1 1 2 1 1 2 1 1 1 2 1 2 0 2 0 1 1 2 0 0 1 0 1 1 0 1 0 1 1 1 0 0 1 1 2 2 0 2 1 1 1 1 2 1 0 1 0 1 1 2 0 1 2 1 0 1 0 0 1 0 1 0 0
b00001 1 2 0 0 2 0 1 0 2 1 1 0 0 0 0 0 0 1 0 1 1 2 1 0 1 0 1 1 1 0 1 1 0 0 0 0 0 1 1 2 1 1 0 1 0 0 0 1 1 0 1 1 0 0 0 1 0 2 0 0 1 0 2 1 1 0 0 1 1 1 0 1 0 1 1 0 1 0 0 0 0 2 0 0 2 1 1 0 1 1 1 0 2 2 2 0 0 1 1 1 0 2 1 1 1 0 1 0 1 0 1 0 1 0 1 1 2 2 1 1 0 2 2 2 0 0 1 1 2 1 2 2 0 2 2 0 2 1 2 1 0 0 1 1 1 1 1 0 1 0 0 1 0 1 1 1 0 0 1 2 1 0 0 1 0 1 1 2 0 1 2 2 1 2 1 0 1 1 1 0 0 0 2 0 1 0 1 0 0 2 0 2 0 0 2 2 0 0 1 0
b00016 1 0 0 0 0 1 1 0 0 0 1 0 1 0 2 2 0 1 2 0 0 1 1 0 0 1 1 1 0 2 1 2 -9 1 0 2 0 0 1 0 0 1 0 1 1 1 1 1 0 2 2 1 1 1 1 1 1 1 2 1 0 0 0 0 0 2 2 1 0 1 1 0 0 1 2 2 1 0 0 2 1 1 0 0 1 0 1 0 1 2 1 1 0 0 1 1 1 1 0 2 1 1 2 0 0 1 1 1 2 0 1 0 1 1 0 1 0 1 2 0 2 1 0 1 2 0 1 0 2 1 0 0 0 0 1 0 1 0 0 2 1 1 1 2 1 2 1 2 2 1 2 2 1 1 0 1 1 0 0 1 0 2 1 0 0 0 1 1 1 0 1 1 1 1 1 1 -9 0 1 1 0 0 2 0 2 2 0 2 0 1 0 1 0 0 0 1 1 0 1 0
b00003 0 1 0 0 0 1 1 1 0 0 0 1 1 1 0 1 2 0 1 0 0 2 0 0 1 0 0 0 1 1 0 1 1 1 0 1 2 2 1 2 1 0 1 0 2 1 0 0 0 0 1 0 0 0 1 1 0 0 1 1 2 1 0 1 0 1 0 0 2 0 0 1 1 2 1 0 0 1 2 1 1 2 0 2 1 1 0 2 1 2 0 1 0 0 0 2 1 1 2 2 2 2 0 1 1 1 1 0 1 1 2 0 1 2 2 1 1 1 2 1 1 1 2 0 1 1 0 1 1 2 1 0 1 0 2 0 1 2 1 1 1 1 1 0 2 1 0 2 1 1 0 2 1 1 2 0 1 0 0 1 1 2 0 0 1 0 1 0 1 1 1 0 2 0 2 1 2 1 1 1 0 1 0 1 1 0 2 1 2 1 2 1 1 1 1 2 2 1 0 0
b00015 0 2 0 2 1 0 0 2 1 1 1 2 0 1 1 0 1 1 1 1 1 0 0 0 0 1 0 1 1 0 1 1 1 1 0 0 0 2 1 0 0 0 0 0 1 0 2 2 0 2 2 2 1 1 1 1 0 1 1 1 2 0 1 1 1 1 0 1 1 0 1 1 2 2 1 1 2 0 0 1 1 2 1 0 2 0 1 1 0 2 0 1 1 0 1 0 0 1 1 2 1 0 2 1 2 0 1 1 0 2 1 1 1 0 1 0 2 1 1 0 1 1 0 0 0 1 0 -9 2 1 1 0 1 1 1 1 1 1 1 0 1 1 2 2 1 1 1 0 0 2 0 0 1 1 0 0 1 1 1 2 0 1 0 0 1 1 0 1 1 2 2 2 1 1 2 1 0 1 0 1 0 0 1 1 1 1 2 1 1 2 0 2 -9 0 1 2 1 2 1 0
b00012 1 0 2 1 1 0 1 1 0 1 1 0 1 1 2 0 1 1 1 1 0 0 0 1 0 0 1 1 0 1 1 1 1 2 0 0 2 0 1 0 1 1 0 1 0 2 1 1 1 0 1 2 1 1 1 0 2 0 0 2 1 0 0 1 1 2 0 1 0 1 1 2 2 1 1 1 0 1 0 2 1 1 1 1 1 0 1 0 1 1 2 1 0 0 2 1 0 1 1 1 2 1 0 1 0 0 1 1 0 2 1 0 0 0 1 1 1 0 2 0 1 2 1 2 1 0 2 1 1 2 1 1 0 0 1 1 0 1 0 0 0 1 0 0 1 1 0 1 1 2 1 2 0 1 0 0 1 1 2 0 0 0 0 0 1 0 2 1 1 0 0 0 1 1 2 1 0 0 0 0 1 1 0 1 0 1 2 1 0 1 0 2 1 1 0 0 1 2 1 0
b00008 0 0 1 1 2 1 1 1 1 1 1 1 2 0 1 1 0 2 1 0 0 0 0 0 2 1 0 1 0 0 1 0 1 1 0 2 1 1 1 0 1 0 0 1 2 0 1 0 1 2 1 0 2 0 1 0 0 0 0 2 1 0 1 0 2 0 0 1 0 0 2 2 0 1 2 2 0 1 0 2 1 0 1 0 0 1 1 1 2 2 1 2 1 0 0 1 1 1 1 0 1 0 0 0 1 2 -9 1 1 2 2 0 0 1 0 2 0 0 0 1 2 1 1 2 1 1 1 1 0 2 0 1 1 1 0 1 0 0 0 2 1 1 1 1 1 1 1 1 1 0 1 1 0 1 2 1 0 1 1 0 1 1 0 1 0 1 1 0 2 1 0 1 1 1 1 1 1 0 1 1 2 1 0 0 1 0 1 0 0 1 1 1 1 2 0 1 0 1 0 1
b00002 2 1 1 0 1 -9 1 0 0 2 2 1 1 2 1 2 1 2 1 1 1 0 1 0 1 1 0 0 0 1 1 2 0 1 1 0 0 0 2 1 1 0 1 0 0 0 0 1 2 0 2 1 1 0 2 2 0 2 0 1 1 1 0 1 1 0 1 1 1 1 1 0 1 1 1 2 0 1 1 1 1 1 0 0 1 1 0 0 1 0 0 0 1 1 0 0 0 1 2 1 0 1 0 0 0 0 2 0 1 0 1 0 1 2 0 0 0 1 1 0 2 2 1 0 0 0 0 0 2 1 1 1 2 1 0 0 0 0 0 2 1 2 1 1 0 1 1 2 1 0 0 1 1 0 0 2 1 1 0 0 1 1 2 0 1 0 1 1 1 2 1 0 1 2 1 0 1 1 0 0 0 0 1 2 0 2 1 1 1 2 0 1 0 0 1 1 1 0 1 1
b00014 2 1 1 0 0 1 0 1 1 1 1 1 1 1 1 2 0 0 2 1 0 2 0 2 0 1 2 1 1 1 1 1 2 0 1 2 0 0 1 0 1 1 1 1 0 0 2 0 2 1 1 2 1 0 0 0 0 0 0 1 2 1 0 0 0 1 1 0 1 1 2 1 1 1 2 2 0 1 1 1 1 0 0 1 1 1 0 0 0 1 1 0 2 1 1 2 0 0 1 1 1 0 1 0 0 1 1 0 0 1 0 0 0 1 1 1 0 2 0 1 2 0 0 1 1 1 1 -9 0 1 0 0 2 0 2 0 1 1 2 1 0 0 0 0 1 1 2 0 0 1 0 1 2 0 1 0 1 1 0 0 0 1 0 0 2 0 0 0 0 0 1 1 1 1 1 1 1 1 0 0 1 1 0 1 0 0 0 0 2 1 0 2 0 1 0 2 1 0 0 2
b00006 2 2 2 0 1 0 2 2 0 0 0 1 0 1 0 1 1 1 2 1 2 1 0 0 1 1 0 1 1 1 0 1 0 0 1 1 0 1 0 0 0 0 1 0 1 2 0 0 0 0 2 1 0 1 0 0 1 1 0 0 2 0 1 2 1 1 0 1 1 0 0 1 1 0 2 2 0 1 2 0 0 1 0 1 1 1 0 1 1 2 2 1 1 1 1 0 0 0 2 1 1 0 2 1 1 1 1 0 1 1 1 1 2 0 1 0 2 0 0 1 1 0 1 1 2 2 1 1 1 0 2 0 1 0 1 1 0 0 0 1 1 1 0 0 2 0 2 1 1 1 2 0 0 0 0 2 1 2 0 1 1 0 1 1 1 2 1 1 1 0 0 0 1 0 0 1 1 0 0 1 1 1 1 0 1 0 0 1 1 0 1 1 1 1 0 2 1 1 1 1
b00004 2 0 1 1 1 1 1 1 0 2 1 0 1 2 2 2 0 1 0 2 1 0 1 1 0 2 1 1 0 1 1 0 0 0 1 -9 0 1 1 1 0 0 1 1 1 0 1 2 1 0 1 1 0 0 1 2 0 0 0 1 1 0 0 1 1 1 1 1 1 0 1 1 1 1 2 1 1 1 0 0 1 0 0 2 0 2 1 1 1 2 0 2 0 1 0 1 1 1 1 1 0 1 1 1 1 1 1 0 1 1 1 0 1 0 2 0 0 1 1 1 1 0 0 0 2 1 1 2 1 1 1 1 0 1 2 1 1 1 0 2 1 2 0 1 2 2 2 0 0 1 0 1 0 1 0 0 2 1 1 1 0 2 1 1 0 1 0 0 0 2 0 1 0 1 0 1 2 1 1 0 1 1 1 0 0 0 2 1 1 0 1 1 0 0 2 1 1 1 0 1
b00013 1 0 1 0 0 1 1 2 1 1 1 0 1 0 0 0 0 0 0 1 0 1 0 1 1 1 -9 0 0 2 1 2 0 1 1 1 1 1 2 1 1 1 1 1 1 1 1 0 2 0 0 1 1 0 1 1 0 2 0 2 1 1 0 1 2 1 1 0 1 1 2 2 0 1 1 1 0 1 1 2 2 1 0 1 1 0 2 0 2 1 0 2 1 2 2 0 0 1 0 0 1 1 1 1 2 1 1 0 1 0 1 0 2 2 0 1 1 2 1 0 1 2 1 1 2 0 1 1 1 0 2 1 0 0 0 0 2 1 1 1 0 1 0 1 2 1 1 1 2 1 0 1 1 1 0 1 0 1 1 1 1 1 1 0 0 0 2 2 1 1 1 2 1 1 0 1 1 0 2 0 1 1 2 1 2 1 1 1 1 1 0 1 1 0 1 1 1 1 0 0
b00005 1 2 0 1 1 2 1 0 1 0 1 0 0 2 1 2 0 2 1 1 0 1 1 0 2 0 1 0 0 1 0 0 1 2 2 0 0 0 1 1 0 1 1 1 1 1 1 2 2 1 0 0 0 2 2 1 1 1 2 1 1 0 0 1 0 1 2 0 0 0 1 1 1 0 1 1 2 2 1 1 0 2 2 1 1 0 1 1 0 0 1 1 1 0 1 1 0 1 2 0 0 0 1 1 1 1 1 1 0 0 1 1 0 2 1 1 0 2 1 0 1 1 0 1 1 1 1 2 0 1 2 0 1 0 0 0 0 1 1 1 1 1 0 1 0 0 1 0 2 2 0 1 0 0 0 0 0 2 0 1 1 0 0 0 1 0 1 0 0 1 0 2 0 1 0 0 0 0 0 0 1 0 0 1 1 0 1 2 0 2 2 2 2 2 1 1 1 1 0 0
b00009 0 2 0 1 0 1 1 0 1 0 2 1 1 2 1 1 1 0 0 1 1 1 2 0 0 0 0 0 2 1 2 0 1 1 0 1 1 2 1 1 1 0 0 1 1 1 1 2 1 2 0 1 1 0 1 0 0 1 0 1 0 -9 0 0 1 1 1 1 1 0 0 1 2 1 2 0 2 1 1 1 1 0 0 1 2 0 1 0 1 1 1 0 1 1 1 0 1 0 0 1 1 0 0 0 2 0 1 0 0 0 1 1 2 1 1 1 1 0 2 -9 1 0 1 1 1 1 2 1 0 2 1 0 0 1 0 0 1 0 0 2 1 1 1 1 2 0 1 0 1 1 1 0 -9 0 0 0 1 0 0 0 1 2 0 0 0 0 1 1 0 0 1 2 0 0 1 1 1 1 1 1 2 1 0 1 1 2 0 1 1 0 1 0 0 0 1 0 0 2 1 1
b00010 1 0 2 1 0 1 0 1 1 1 1 1 0 2 1 1 0 0 2 0 2 1 1 0 0 1 0 1 0 0 1 0 0 0 2 1 0 1 1 2 1 0 1 1 1 1 2 1 2 1 0 1 0 2 0 0 1 1 2 0 2 0 1 1 1 1 0 0 1 0 1 0 0 2 1 0 2 1 0 1 1 2 1 0 1 1 1 1 0 1 1 1 1 0 0 1 1 1 1 0 1 0 2 2 0 2 1 0 0 1 0 0 0 0 1 1 0 1 0 1 2 1 1 1 1 0 0 1 0 2 2 0 1 1 2 1 0 2 0 0 0 2 1 0 2 2 0 1 1 1 1 2 1 0 1 0 1 2 0 0 2 1 2 1 1 1 0 1 1 0 1 2 2 0 0 0 0 2 0 0 0 1 2 0 1 0 1 1 1 2 1 1 0 1 0 0 2 2 1 0
b00007 1 2 1 0 1 0 0 0 0 1 2 1 1 0 1 1 0 0 0 1 0 2 0 1 2 1 1 0 0 2 1 2 1 0 1 1 1 1 2 1 1 1 0 1 0 0 2 1 1 0 0 1 1 2 1 1 2 0 0 1 1 0 2 1 1 0 0 2 2 1 2 0 1 2 1 1 1 2 2 0 1 1 1 0 2 -9 0 0 1 1 2 0 2 1 0 2 0 1 1 1 1 1 1 0 0 1 1 0 1 0 1 2 1 1 1 2 0 1 0 2 1 0 2 0 1 1 1 2 2 1 2 0 2 1 1 1 1 1 1 1 1 0 0 0 0 1 -9 1 0 0 0 1 1 1 1 2 0 1 1 0 0 1 1 1 2 1 0 1 1 1 1 2 0 0 0 0 1 0 0 0 2 1 1 1 2 1 1 0 2 2 0 0 0 0 1 1 0 1 1 0
a01001 1 1 1 1 2 1 1 1 1 0 0 0 0 1 1 0 0 1 0 1 2 1 0 2 2 2 1 0 0 0 2 0 1 0 1 1 1 0 2 1 1 0 1 0 0 1 0 0 1 2 1 0 1 1 0 1 0 1 1 0 0 1 0 1 0 1 1 1 1 0 1 2 1 1 1 2 1 0 0 1 1 1 1 2 1 1 1 1 0 0 1 0 0 1 1 2 0 1 1 1 1 1 0 0 1 1 0 0 2 1 2 1 0 1 1 1 1 1 1 2 0 2 0 2 2 1 0 1 1 1 1 1 0 1 2 2 0 0 0 0 1 2 1 1 2 1 1 2 2 1 2 0 1 0 0 1 0 2 2 0 0 1 1 1 1 0 0 1 2 0 0 1 1 2 -9 2 1 0 0 0 2 0 1 0 1 1 1 0 2 1 2 1 2 0 1 1 0 0 1 0
a01002 1 1 1 1 0 1 1 1 0 0 0 0 1 2 1 0 0 1 1 1 2 0 2 1 1 2 1 0 1 0 0 0 0 0 1 1 0 0 1 1 1 0 1 0 1 1 0 0 0 2 0 0 0 2 0 0 1 1 1 1 0 1 0 1 2 1 1 1 1 0 1 0 1 0 1 1 1 2 0 1 1 1 0 1 0 1 1 1 1 0 1 0 0 1 1 2 0 2 1 1 1 1 0 0 2 1 0 1 1 1 2 0 1 0 1 0 1 0 0 1 1 2 1 1 2 1 0 0 1 1 1 0 1 1 2 0 0 0 0 0 0 0 1 1 1 1 0 1 0 1 2 0 2 1 0 2 0 1 1 0 0 2 1 1 2 1 0 0 1 0 0 1 1 2 1 2 1 1 0 0 1 0 2 0 1 2 1 0 1 1 0 0 2 0 1 1 0 0 0 0
b01003 1 1 1 1 2 1 0 1 1 0 0 0 1 2 1 0 0 0 0 1 1 1 0 2 2 2 0 0 1 1 0 1 2 0 1 1 1 0 2 1 1 0 0 0 1 1 2 0 1 2 1 1 0 2 0 1 0 1 1 0 1 0 0 1 1 1 1 2 1 0 2 1 1 1 1 2 0 1 0 0 1 1 0 1 1 1 1 1 1 0 1 1 1 1 0 2 0 2 1 1 0 1 0 1 2 1 0 1 1 1 2 1 1 1 1 1 1 0 0 2 2 1 1 1 2 2 0 1 1 1 1 0 1 1 2 1 1 0 1 1 0 2 1 1 2 1 2 2 0 0 2 0 1 0 0 2 0 2 1 0 0 1 1 1 2 0 0 1 1 0 0 1 1 2 0 0 1 0 0 0 2 0 1 0 2 1 1 1 2 1 0 2 2 0 1 1 1 1 1 0
b01004 1 1 1 2 0 1 0 1 0 0 0 0 1 1 0 0 0 0 0 1 1 1 2 2 2 2 0 0 1 1 0 1 1 0 1 0 1 0 2 0 1 0 1 0 1 1 0 0 0 2 1 1 0 2 1 0 1 1 0 1 1 2 0 0 1 1 1 0 1 0 2 0 1 0 1 2 0 1 1 1 1 1 1 2 1 1 0 0 0 0 1 2 0 1 1 1 0 1 1 0 0 1 0 2 2 1 0 1 1 1 2 0 0 0 1 1 1 0 1 1 1 2 1 0 2 1 0 0 1 1 1 1 0 1 2 1 0 0 0 1 1 1 0 1 1 1 1 1 1 2 2 1 0 0 1 1 0 1 2 0 0 0 0 1 2 2 0 0 1 0 0 1 0 2 0 1 1 1 1 0 2 0 2 0 1 1 1 0 1 1 1 1 2 0 1 1 0 1 1 0
a01005 1 1 0 0 1 0 1 1 1 2 2 0 0 0 0 0 1 1 0 1 1 1 2 0 0 1 1 0 0 0 1 1 0 1 0 0 0 1 0 2 1 0 1 0 0 1 0 2 0 0 2 0 1 0 0 1 1 1 0 0 1 1 1 1 0 1 1 1 0 1 0 1 1 2 1 1 2 0 1 0 1 1 0 0 1 1 0 0 1 1 0 0 2 2 2 1 1 1 1 1 1 2 1 1 2 0 0 0 1 0 2 0 2 0 2 1 1 2 0 1 0 1 1 1 0 1 1 1 1 1 1 1 1 2 1 0 1 0 2 2 1 0 0 2 2 1 1 1 1 0 0 1 0 0 1 2 0 1 0 1 1 1 0 0 0 1 0 1 0 0 1 1 1 1 1 0 0 1 2 0 0 1 2 1 1 0 2 0 1 1 0 1 0 0 2 2 1 0 1 0
b01006 1 1 0 0 1 0 1 0 1 1 1 0 0 0 0 0 0 2 0 1 1 2 2 0 1 0 1 0 1 0 1 1 0 0 0 0 0 0 1 1 1 1 1 0 0 1 0 1 1 1 1 1 0 1 0 0 1 1 0 1 1 1 2 1 2 1 1 1 0 1 0 1 0 0 1 1 2 0 0 0 1 1 0 0 2 1 0 0 1 1 1 0 1 2 2 1 1 0 1 2 1 1 2 1 0 1 1 1 1 0 2 0 1 0 2 1 1 1 0 0 0 1 1 1 0 0 1 1 1 1 1 1 0 2 1 0 1 0 2 2 1 0 1 1 0 0 2 1 0 0 1 0 0 2 0 1 0 1 0 1 1 1 0 1 0 1 0 1 0 0 1 1 1 1 1 0 1 1 2 0 0 1 2 1 1 0 2 0 1 1 0 1 1 0 2 2 1 1 1 0
b01007 0 1 0 1 1 0 1 1 1 2 1 -9 1 0 0 0 1 1 0 1 0 1 2 0 0 1 1 0 1 1 0 1 0 1 0 0 0 1 1 2 1 1 1 1 0 1 1 1 0 0 1 1 0 1 0 1 1 1 0 1 1 1 2 2 2 1 1 1 0 2 0 1 0 1 1 1 1 0 1 0 1 1 0 1 2 1 0 0 1 0 2 -9 2 1 1 1 1 1 0 1 1 1 1 2 1 0 1 1 1 1 2 0 1 0 1 1 1 1 1 2 1 1 1 1 0 0 1 1 1 1 1 1 1 1 1 0 1 1 2 1 1 0 1 2 1 0 0 1 1 1 1 0 0 1 0 1 0 1 1 1 0 1 0 1 0 0 1 1 0 0 1 2 1 1 1 0 0 0 2 0 0 1 2 1 1 0 1 0 1 1 0 2 0 0 2 2 1 0 1 0
a01008 0 1 0 1 1 0 1 1 1 2 2 0 1 0 0 0 1 2 0 2 0 1 1 0 0 1 1 1 0 0 0 1 0 0 0 0 0 0 1 1 1 1 1 2 0 1 1 2 1 1 2 1 1 1 0 1 1 1 0 1 1 1 1 2 2 1 1 2 0 2 0 1 1 2 1 1 2 0 1 0 1 1 0 1 1 1 0 0 0 1 1 0 2 1 1 1 1 0 1 1 1 1 1 1 2 0 0 1 1 0 2 0 2 0 1 0 1 2 1 0 0 2 1 2 0 0 0 1 1 0 1 2 0 1 1 0 1 1 2 2 0 0 0 1 2 0 2 1 1 0 0 0 0 1 1 2 0 1 0 1 0 1 0 0 0 1 1 1 0 1 1 2 1 1 0 0 1 0 1 1 1 1 1 1 0 0 2 0 1 1 0 2 1 1 2 2 1 1 1 0
b01009 0 1 1 0 1 1 0 1 1 0 1 0 1 0 1 2 0 0 2 1 1 1 0 0 0 1 1 2 1 1 1 2 0 0 0 1 1 1 2 1 0 0 1 0 2 1 0 1 1 1 1 0 2 2 1 1 0 1 1 1 0 0 0 0 0 1 1 1 1 0 2 0 0 0 1 2 0 1 0 1 2 1 0 1 0 0 1 0 1 1 1 0 1 1 2 0 0 2 0 1 1 1 1 1 0 1 1 1 1 1 0 1 -9 0 0 0 0 1 1 0 1 2 1 2 1 1 0 1 2 2 0 0 0 1 2 1 1 1 1 1 0 2 2 1 2 1 0 1 1 0 2 2 2 1 0 1 1 0 1 1 1 2 1 1 0 0 1 0 0 1 1 2 0 1 2 1 0 0 0 1 1 0 2 0 1 1 0 2 0 0 0 0 1 0 1 0 2 0 1 0
a01010 1 1 0 1 1 1 0 0 0 0 0 0 1 1 1 1 0 1 2 0 1 1 0 0 0 0 1 2 1 1 1 2 0 1 1 1 0 1 0 1 0 1 1 1 1 1 0 0 0 1 2 0 2 1 1 2 0 1 1 2 0 0 0 0 0 2 1 0 0 0 1 0 1 1 1 2 1 1 1 1 2 0 0 0 2 1 1 1 0 1 1 0 1 1 1 1 2 2 0 1 1 1 1 1 0 2 1 1 1 1 0 1 1 0 0 0 0 2 1 0 2 2 1 0 1 1 0 1 2 2 0 0 0 1 1 1 0 0 1 1 0 2 2 1 2 1 1 2 1 1 2 2 0 1 1 1 1 0 0 2 1 1 0 1 1 0 1 1 2 0 0 1 1 0 1 0 0 0 1 2 1 1 1 0 2 1 0 2 0 2 0 0 0 0 0 1 1 0 0 0
b01011 0 1 1 1 1 0 0 0 1 0 1 0 2 0 1 2 0 2 2 0 1 0 1 0 0 1 1 1 1 1 2 2 0 1 0 1 1 1 1 1 0 1 1 0 1 0 1 1 1 1 1 0 1 0 0 0 1 1 1 2 0 0 0 0 0 2 1 0 0 1 1 0 0 0 1 2 0 1 0 1 1 1 0 1 2 1 0 1 1 1 0 1 0 0 0 0 2 1 0 1 0 2 1 0 0 1 2 2 1 1 0 1 1 1 0 1 0 2 1 0 2 0 1 1 1 1 0 1 2 1 0 0 0 1 1 1 0 0 1 1 0 1 2 1 2 1 0 1 1 2 2 2 2 0 1 1 1 0 0 1 1 1 0 1 1 0 1 0 2 0 1 2 1 2 1 0 0 1 1 2 1 0 1 0 1 1 0 2 1 1 0 0 0 1 1 1 2 0 1 0
b01012 2 1 0 1 1 2 0 0 1 0 1 0 1 0 1 2 1 0 2 0 1 1 1 0 0 2 0 1 1 1 1 2 0 2 0 2 0 1 2 1 0 0 1 0 0 1 1 0 0 1 2 0 1 0 1 1 0 0 1 0 0 0 0 0 0 1 1 2 0 1 2 0 1 1 1 1 1 1 0 1 1 -9 0 0 1 0 0 1 1 1 0 1 1 0 0 1 0 1 0 1 1 1 2 -9 0 2 1 1 1 1 1 1 2 0 0 0 0 1 1 0 2 1 1 1 1 0 1 1 2 2 0 0 0 1 1 1 0 1 0 1 1 2 1 1 1 1 0 2 1 2 1 2 1 1 0 1 2 0 1 1 1 1 1 1 0 0 1 0 2 0 0 2 0 0 2 1 0 0 0 2 1 1 1 0 2 1 0 2 0 2 0 0 0 0 1 1 1 0 0 0
b01013 0 2 1 1 2 0 1 1 1 0 1 0 1 0 0 1 0 1 0 0 1 1 0 1 1 0 0 2 0 0 2 1 0 1 0 0 0 1 1 2 1 2 1 1 0 0 0 0 0 0 1 1 1 0 1 2 0 2 0 1 1 0 2 1 0 1 0 0 0 1 0 0 1 0 2 0 2 0 0 0 0 1 1 1 1 0 0 0 0 1 1 1 1 2 1 1 0 0 0 0 1 2 2 1 2 1 1 0 1 0 1 1 1 0 1 0 2 1 2 1 0 -9 1 1 1 0 1 0 1 0 2 2 0 1 1 0 1 2 1 0 1 0 1 2 1 1 1 1 2 0 1 1 0 0 1 0 0 1 1 1 0 1 0 1 1 1 0 1 1 1 1 1 0 1 2 0 1 1 2 1 1 0 2 1 1 1 1 1 0 2 1 1 0 0 1 1 0 0 1 0
b01014 1 2 1 1 2 1 0 1 1 1 2 0 1 1 0 0 1 1 0 1 0 1 1 0 1 0 0 1 0 0 1 0 0 0 0 0 0 1 0 1 1 1 -9 1 0 0 0 0 1 0 2 2 1 0 1 0 0 2 0 1 1 0 2 0 0 1 0 0 0 0 1 1 1 1 2 0 1 0 0 0 0 2 1 1 1 0 0 0 1 2 1 1 1 2 1 1 0 0 1 1 0 1 1 -9 2 1 2 0 0 0 2 0 0 0 0 1 2 1 2 1 0 2 1 1 1 0 0 2 1 0 2 1 0 1 1 0 1 1 1 0 1 1 2 2 1 1 1 1 1 0 0 1 0 1 0 1 0 1 0 1 1 1 1 1 1 1 1 1 1 2 1 1 0 1 0 0 1 2 1 1 1 1 1 0 0 0 0 1 1 1 1 2 0 0 1 1 1 0 1 0
b01015 0 1 1 1 2 1 0 1 1 1 2 1 0 0 0 0 0 1 0 0 0 1 0 0 0 0 1 1 1 0 0 0 0 0 0 0 0 1 1 2 1 0 1 1 1 0 0 0 2 0 1 1 1 0 1 2 0 1 0 1 1 1 1 1 0 1 0 0 1 0 1 2 0 1 2 0 2 0 0 -9 0 1 1 1 1 0 0 1 0 1 1 1 1 2 1 1 0 0 0 1 1 2 2 2 2 1 1 0 0 0 2 1 2 0 0 0 2 2 2 2 0 2 1 1 1 0 0 0 1 1 2 1 0 2 1 0 1 1 1 0 0 0 0 1 0 1 1 1 2 0 0 0 0 -9 1 0 0 1 0 1 1 1 1 2 1 0 1 1 0 1 1 1 0 1 0 0 1 1 2 1 1 1 1 0 0 0 1 1 1 1 1 1 0 0 1 1 0 0 1 0
a01016 1 2 0 1 2 1 1 1 1 1 1 0 0 1 0 1 0 0 0 0 0 1 1 1 2 0 2 1 1 0 1 1 1 0 0 0 0 1 0 1 0 2 0 1 1 0 0 1 2 0 1 0 1 0 1 0 0 2 0 1 2 1 2 0 0 1 1 1 0 1 0 1 1 1 1 0 0 0 0 0 0 2 1 1 1 0 0 1 1 2 1 1 1 2 1 1 0 1 1 1 0 2 2 1 0 1 2 0 1 0 2 0 2 0 1 1 2 2 1 1 0 2 1 1 1 0 0 0 1 0 2 2 0 1 1 0 1 1 1 1 1 0 2 1 1 2 1 0 2 0 0 0 0 0 2 2 0 0 0 1 0 1 1 2 1 1 1 1 0 2 1 1 0 1 2 0 1 1 1 0 0 1 2 0 1 0 0 1 0 1 1 2 0 0 1 1 1 0 1 0
b01017 0 2 0 1 1 0 1 1 0 1 1 1 1 1 0 0 2 0 1 0 0 1 0 0 1 0 1 1 1 1 0 0 1 0 0 0 1 2 2 2 0 1 2 1 1 1 0 1 0 0 -9 0 1 0 2 0 0 0 1 1 2 1 0 1 0 2 0 0 1 0 0 1 0 1 1 0 0 1 1 0 1 1 1 2 0 0 0 2 0 1 0 2 0 1 0 2 1 1 1 2 2 1 0 1 1 2 2 0 0 1 2 1 2 1 1 0 2 1 2 1 1 2 1 0 0 0 0 0 1 1 0 1 1 1 2 0 0 2 1 1 0 1 0 1 1 2 0 1 2 1 1 1 1 0 1 0 1 0 0 1 1 2 0 1 2 0 1 0 1 0 0 0 1 0 2 0 2 2 1 0 0 1 1 1 1 1 1 2 1 1 2 1 1 0 0 1 1 1 1 0
b01018 0 1 0 1 1 1 1 2 0 0 0 1 2 2 0 1 1 0 0 0 0 1 0 1 2 0 0 1 0 1 0 1 1 1 0 0 1 2 0 1 1 0 2 0 2 1 0 0 0 0 1 0 1 0 1 1 0 1 0 2 2 2 0 1 0 2 1 0 1 0 0 1 1 1 1 0 1 1 1 0 1 1 1 2 0 0 0 1 1 1 1 2 0 1 0 2 1 1 1 2 2 1 1 1 1 2 2 0 0 1 1 0 1 1 1 0 2 1 2 1 0 2 1 0 2 1 0 2 1 1 1 0 0 1 2 0 1 1 0 0 1 1 1 1 1 2 0 1 1 0 0 1 1 0 1 1 1 0 0 0 1 2 0 0 2 0 0 0 1 1 1 0 1 0 1 0 2 1 2 1 1 0 0 2 0 0 1 2 1 1 2 2 0 1 1 1 1 1 1 0
b01019 0 1 1 1 1 0 1 1 0 0 0 1 0 2 0 1 2 0 1 0 0 1 0 0 2 0 0 1 0 0 0 1 1 1 0 0 1 2 1 1 1 1 1 0 1 0 0 0 1 0 0 0 1 0 1 2 0 1 1 2 2 0 0 0 0 2 0 0 1 0 1 1 1 1 1 0 1 1 1 1 1 2 1 2 0 1 0 1 1 2 1 2 0 1 0 2 0 1 1 2 2 1 1 1 1 1 2 0 1 0 1 0 1 1 1 0 1 1 2 2 0 1 1 0 2 1 0 0 1 1 1 0 1 1 2 0 1 2 0 1 1 1 0 1 1 1 0 2 1 0 0 2 1 1 1 1 1 0 0 0 0 2 0 0 1 0 2 0 1 0 0 2 1 0 1 1 2 2 2 2 1 1 1 1 0 0 1 1 1 1 2 0 1 0 1 1 2 0 1 0
a01020 0 1 0 1 1 1 1 2 0 0 0 0 1 1 0 1 2 0 1 0 0 1 0 0 0 0 0 1 0 2 1 1 2 2 0 1 1 2 1 2 1 0 1 0 1 1 0 0 1 0 1 0 1 0 2 0 0 0 0 2 2 1 0 0 0 1 0 0 1 0 1 2 2 1 1 0 0 1 1 1 0 2 0 2 1 0 0 2 1 1 1 1 0 1 0 2 0 0 1 2 1 2 0 1 0 2 2 0 0 0 1 0 0 1 1 1 2 2 1 2 0 1 1 0 1 0 0 1 1 1 0 1 1 0 1 0 0 2 0 1 1 1 1 1 1 1 0 2 2 0 1 2 0 0 1 1 1 1 0 0 1 2 1 0 2 0 1 0 0 1 0 0 1 0 1 1 1 1 1 2 0 1 0 0 0 1 1 2 1 1 2 1 0 0 1 1 2 1 1 0
b01021 0 2 1 1 1 0 0 1 1 1 1 2 1 1 2 0 1 1 2 1 1 0 0 0 0 1 0 2 1 1 0 0 2 1 0 0 0 2 2 1 0 0 0 0 2 1 1 1 1 1 2 -9 0 1 2 1 0 2 1 1 2 1 1 1 1 2 1 1 1 0 2 0 2 2 2 1 1 1 0 2 0 1 1 1 1 1 0 1 1 1 0 0 1 1 1 1 0 0 1 1 1 0 1 2 1 1 2 1 0 1 2 1 1 0 1 1 1 1 0 1 0 0 0 0 1 0 0 1 1 1 1 0 1 0 1 0 0 0 2 1 0 1 1 1 0 0 0 1 0 2 1 1 0 1 0 0 2 1 1 1 0 1 0 0 2 1 0 1 1 1 1 1 0 0 1 2 0 1 0 2 1 0 1 0 1 1 2 1 1 2 1 2 0 0 1 1 1 1 1 0
a01022 1 2 1 1 1 0 0 1 1 1 1 2 1 0 0 0 2 1 1 1 1 1 0 1 0 0 0 1 1 1 0 0 2 1 0 0 0 1 2 1 0 0 0 0 1 1 1 1 1 1 1 1 0 1 1 1 0 1 0 2 2 1 0 1 1 0 1 1 0 0 1 2 2 1 1 1 1 1 0 1 0 2 1 1 2 1 0 1 1 2 0 0 1 0 2 0 0 1 0 2 0 0 1 1 1 1 0 1 0 1 1 1 1 0 0 0 1 0 1 1 0 0 0 0 0 1 0 1 1 1 1 0 0 1 0 0 1 1 1 1 1 1 1 1 1 0 1 1 0 2 1 1 1 1 1 0 0 2 1 1 0 1 0 1 2 1 0 1 1 1 1 2 1 0 1 2 1 -9 0 2 1 0 1 1 0 -9 2 1 0 2 1 2 0 0 1 2 2 1 1 0
a01023 1 1 1 1 1 0 1 1 2 2 0 2 1 1 0 0 1 1 0 0 1 1 0 0 0 1 1 2 1 1 1 0 1 2 0 0 0 1 2 1 1 0 0 0 1 1 1 1 1 1 1 1 1 2 1 0 0 2 0 1 1 0 0 0 1 2 1 2 0 0 1 0 2 2 1 0 1 1 0 2 0 2 2 0 2 1 0 0 0 2 1 1 0 1 2 1 0 1 1 1 1 0 1 1 1 0 1 0 0 1 1 1 1 0 0 1 1 0 1 1 1 1 0 0 1 1 0 1 1 2 2 0 1 0 1 1 1 0 0 1 1 2 1 1 1 0 0 1 0 2 1 1 -9 1 1 1 1 1 0 1 0 1 0 1 1 0 0 1 2 2 1 2 1 1 2 2 1 1 1 1 1 1 2 0 1 0 2 0 1 1 1 2 1 0 1 2 2 1 2 0
b01024 0 1 1 1 2 0 1 1 1 2 1 2 1 1 0 0 0 0 0 0 1 1 0 0 0 0 0 2 1 1 1 1 2 1 0 0 0 1 1 1 0 2 1 0 1 1 1 1 1 1 2 1 0 1 0 1 0 2 1 0 2 0 0 0 1 0 1 1 0 0 2 0 2 2 1 0 1 1 0 0 0 1 1 0 2 1 1 1 1 1 1 1 0 1 2 1 0 0 0 1 2 1 1 2 1 1 1 2 0 1 2 2 1 0 2 0 1 0 1 0 1 0 1 0 1 0 0 1 1 2 1 0 2 2 1 0 1 2 2 0 0 1 1 1 0 1 2 1 1 -9 1 1 1 0 0 1 0 2 0 1 0 1 0 0 1 0 1 2 1 2 1 2 0 1 1 2 0 1 1 2 1 1 0 1 1 2 2 2 0 1 1 2 2 0 2 1 2 1 2 0
a01025 2 0 2 0 2 0 1 1 0 1 2 0 0 1 2 0 0 0 0 1 1 0 0 0 1 0 2 1 1 1 1 2 0 2 1 0 2 0 2 0 2 2 0 0 0 2 0 1 0 0 1 2 2 2 1 0 1 0 0 1 0 0 0 0 1 2 0 1 0 2 1 2 2 1 1 0 1 2 0 2 2 1 1 1 1 0 0 1 1 1 1 0 0 1 1 1 1 2 2 1 2 1 0 0 1 1 2 1 0 2 1 1 0 0 0 0 0 0 1 0 1 1 2 1 1 0 1 2 2 1 1 1 0 0 1 0 0 2 0 1 0 2 0 0 2 0 0 1 1 1 0 1 1 1 1 0 1 1 2 0 1 0 1 1 1 1 2 0 0 1 0 1 1 0 1 2 0 0 0 1 0 0 0 0 0 1 0 1 0 1 0 1 2 1 1 0 2 2 2 0
b01026 1 0 1 0 1 0 0 1 0 1 0 1 1 2 1 1 0 0 0 0 1 0 1 1 1 0 1 1 1 0 1 1 1 2 1 1 2 0 2 0 0 1 0 0 0 2 1 1 1 1 1 1 2 1 0 0 0 1 0 1 1 0 0 1 1 1 0 1 0 2 0 2 2 1 0 0 1 1 0 2 0 1 1 0 1 0 1 1 1 2 1 0 0 0 2 0 1 0 1 1 2 1 0 1 1 1 2 1 0 2 0 1 0 0 0 1 0 0 1 0 0 1 1 2 1 0 1 1 1 1 2 0 1 1 1 0 1 2 0 1 0 2 1 0 1 0 1 1 1 2 1 2 0 0 0 0 1 2 2 0 1 0 1 1 1 1 2 0 1 0 0 1 0 1 1 0 0 0 0 0 0 1 0 0 1 1 2 1 0 1 0 1 1 0 1 0 1 0 1 0
b01028 2 0 2 1 1 1 1 1 0 2 2 1 0 2 2 0 0 0 0 0 1 0 0 1 1 0 1 1 0 0 0 1 2 2 1 1 1 0 1 0 2 2 0 0 0 2 0 0 0 1 0 2 1 1 1 0 2 1 0 1 2 0 0 0 0 2 0 1 0 1 1 2 2 1 0 1 1 2 0 1 0 1 1 0 1 0 1 1 1 2 1 0 0 1 1 2 1 1 1 2 2 2 0 1 1 1 0 0 0 2 1 1 0 0 0 0 0 1 2 0 1 1 0 2 2 0 2 2 1 1 2 1 1 0 1 1 0 1 0 1 0 2 0 0 1 1 1 1 0 1 2 2 1 0 1 0 2 2 2 0 0 0 1 1 1 1 1 1 1 1 0 1 0 0 1 1 0 0 0 0 2 0 0 1 1 2 2 0 0 0 0 1 0 0 0 0 1 2 2 0
a01029 0 0 1 1 2 1 0 1 1 0 1 1 2 1 1 2 0 1 0 1 0 1 0 1 2 2 0 0 0 0 1 0 0 0 1 1 1 2 0 1 2 0 -9 1 2 0 0 1 2 1 0 0 1 0 1 1 0 1 1 1 1 0 1 1 1 0 0 2 0 0 1 2 0 2 1 2 0 2 0 1 1 0 1 0 0 1 1 2 1 2 1 1 1 0 1 1 1 1 1 0 2 1 1 0 2 1 2 1 0 1 2 0 0 0 1 1 0 1 0 1 2 1 0 2 1 1 0 2 0 1 0 0 2 1 0 0 1 1 1 1 0 0 2 0 1 1 1 0 1 0 0 0 0 0 1 1 1 1 1 1 1 2 0 1 1 1 1 1 1 1 1 2 2 1 1 0 1 0 0 1 2 1 0 1 1 0 1 1 1 2 1 2 0 1 1 1 1 1 1 1
a01030 0 0 1 1 2 0 0 0 1 1 1 1 1 1 0 0 0 1 1 1 0 1 1 1 2 0 0 2 0 0 2 1 2 2 0 2 1 1 1 1 0 0 0 1 2 0 0 1 0 1 1 0 1 0 1 0 0 1 0 1 0 0 1 1 1 1 0 2 0 0 1 2 0 1 1 2 1 1 0 2 0 1 0 0 0 1 1 0 1 2 2 1 1 0 1 1 0 1 2 0 2 1 0 0 2 1 2 1 0 1 1 0 0 1 0 1 0 1 1 1 1 2 0 1 1 2 1 1 0 1 0 1 1 1 0 1 1 1 1 1 1 0 0 1 1 1 1 0 2 1 1 1 1 1 2 1 1 1 0 0 1 1 0 2 1 1 1 0 1 0 1 1 1 2 1 -9 1 0 1 0 1 2 0 0 2 0 2 1 0 1 2 1 1 1 0 2 0 1 0 0
a01032 0 0 1 2 2 0 1 0 2 0 1 0 2 1 0 0 0 1 -9 1 0 1 0 1 1 1 1 2 0 0 1 1 1 2 0 1 0 0 2 0 1 0 0 1 2 0 0 1 1 1 0 0 1 0 1 1 0 1 0 1 1 0 1 0 1 0 0 1 0 0 1 2 0 1 1 2 0 1 0 2 0 1 0 0 0 0 1 0 1 2 1 1 0 0 1 0 0 1 2 1 2 0 1 0 1 1 2 1 1 2 2 0 0 0 0 1 0 1 0 1 2 2 0 1 2 1 0 1 1 1 0 1 1 1 0 0 1 1 1 1 1 1 1 0 0 0 0 1 1 0 0 1 1 1 2 0 0 0 1 1 2 1 0 0 0 1 1 1 1 1 0 1 2 2 0 1 1 0 0 0 2 1 1 0 1 0 2 1 0 2 1 0 2 1 1 1 1 2 0 1
b01033 2 0 2 0 1 0 0 0 0 1 1 0 2 2 1 2 2 2 1 1 1 0 0 1 0 1 0 1 0 1 1 1 0 1 1 0 0 1 2 1 2 2 0 0 1 1 1 1 1 1 2 1 0 0 1 1 0 2 0 0 1 2 0 0 2 1 1 2 0 1 1 1 2 1 0 2 1 1 2 0 1 0 0 0 2 1 1 0 0 1 0 1 1 2 1 0 0 0 1 1 1 1 0 1 0 0 1 0 0 0 2 1 0 1 0 1 1 1 1 0 1 1 1 0 1 1 0 0 2 1 0 2 1 1 2 0 0 1 1 1 0 1 2 0 0 1 1 2 0 0 0 0 0 1 1 2 0 1 0 0 1 1 1 0 1 0 0 0 0 1 1 0 1 1 1 0 0 1 0 0 0 -9 2 2 0 2 1 0 2 1 0 1 1 1 1 1 1 1 1 0
b01034 1 2 1 0 1 0 1 0 1 2 1 2 1 2 0 2 1 2 2 1 1 0 0 1 0 1 0 1 0 2 1 1 0 1 0 0 0 0 2 0 0 0 1 0 1 1 0 0 1 1 1 0 0 0 2 1 0 2 0 1 2 1 0 0 2 1 0 1 0 2 1 1 0 0 1 2 0 1 1 0 2 1 0 1 1 0 0 1 1 0 0 1 1 2 1 0 0 1 1 1 0 1 0 1 0 0 1 0 1 1 2 1 0 1 0 1 1 2 2 1 1 1 2 0 1 0 0 0 2 1 0 2 1 1 0 0 0 1 0 1 0 2 1 0 1 1 1 1 1 0 0 1 0 0 0 2 0 0 0 0 1 1 1 0 1 0 1 0 2 1 1 0 1 1 2 0 0 1 1 0 0 0 2 2 0 1 2 1 2 1 1 0 1 0 1 1 1 1 2 0
a01036 2 0 0 0 1 0 0 0 0 2 1 1 0 2 0 1 0 2 2 1 0 0 0 1 1 2 0 0 0 1 2 1 0 1 1 0 0 0 2 2 2 0 0 0 1 1 1 0 1 1 1 0 1 0 1 1 1 2 0 0 1 1 0 0 1 0 1 1 1 0 1 1 2 2 1 1 1 2 2 0 0 1 0 1 2 0 1 1 1 0 0 1 1 2 1 0 0 0 2 2 0 0 0 1 1 0 1 0 0 1 1 1 1 1 0 1 1 1 1 0 1 1 2 0 1 1 0 0 1 1 0 1 2 0 1 0 0 1 1 2 2 2 1 0 1 1 1 1 1 0 0 1 0 1 1 2 0 1 1 0 1 1 1 0 1 0 1 1 0 2 0 0 0 1 1 0 1 2 2 0 0 0 1 2 0 2 0 1 2 1 1 0 0 0 2 1 0 0 2 0
b01037 1 0 1 1 1 0 0 0 0 0 1 1 0 0 2 1 0 0 2 1 0 2 0 1 0 0 1 0 2 2 2 1 1 0 1 1 1 0 0 0 1 1 1 0 1 1 2 0 2 2 0 1 1 0 1 0 1 0 0 1 1 1 1 1 1 2 1 1 2 1 2 2 0 2 2 2 0 1 1 2 0 0 0 2 1 2 0 0 1 1 1 1 1 1 2 2 1 1 1 1 1 0 0 1 0 1 2 0 0 1 0 1 0 2 2 1 1 1 1 2 2 0 0 1 0 0 1 1 0 0 0 0 2 0 1 0 2 0 2 1 0 0 1 0 0 2 1 1 1 0 0 0 1 0 0 0 1 1 0 0 1 2 0 0 2 0 0 1 1 0 1 1 2 0 1 1 0 1 1 0 1 1 0 0 1 1 0 1 2 1 1 1 1 1 1 1 2 0 1 2
b01038 1 1 0 1 1 1 1 1 1 2 2 0 1 0 0 1 1 0 2 1 0 2 0 1 1 1 1 0 1 1 1 1 1 0 2 1 0 0 0 0 2 1 0 0 0 0 2 0 2 1 1 1 1 0 1 0 1 1 0 1 1 1 1 1 1 2 0 1 2 1 2 1 1 0 2 1 0 2 0 0 0 0 0 1 1 0 0 0 1 1 1 1 1 1 1 2 1 0 2 0 1 0 1 1 0 2 1 0 0 2 0 1 1 2 1 1 1 1 1 2 2 0 0 2 1 1 0 1 0 1 -9 0 1 0 2 0 2 1 2 1 0 0 1 0 1 1 1 0 1 1 1 1 1 1 0 1 1 1 0 0 0 1 0 0 1 0 0 0 0 0 1 1 1 0 1 1 0 1 0 0 1 0 0 0 1 1 1 1 1 1 0 2 1 0 1 1 2 1 1 2
a01039 1 0 0 0 1 1 0 0 1 0 0 0 1 0 2 1 1 1 2 0 1 2 0 1 0 0 1 0 2 1 1 1 1 0 1 1 0 0 1 0 1 1 0 0 0 1 2 0 2 2 2 1 2 0 0 1 1 1 0 1 2 1 1 1 1 0 0 1 2 2 2 0 0 0 2 2 0 1 0 1 1 0 0 1 1 1 0 0 1 0 1 1 2 0 2 1 1 0 2 0 2 1 2 1 1 1 1 0 0 1 0 1 1 0 2 0 1 2 1 1 2 0 0 2 1 1 1 1 1 2 0 0 2 0 1 0 2 1 2 1 0 0 0 0 1 1 2 1 1 0 1 0 1 1 1 0 1 1 0 0 0 0 0 0 2 0 0 0 1 -9 1 1 0 1 0 0 1 1 0 0 1 1 0 1 1 0 0 1 2 0 1 2 0 0 1 1 2 0 1 2
b01040 1 2 1 1 1 1 1 0 1 0 2 0 0 1 2 1 1 1 2 0 1 2 1 1 1 0 2 0 1 1 1 1 1 0 0 1 1 0 0 0 2 1 1 0 0 0 2 0 2 1 1 2 1 0 1 0 1 0 0 0 2 2 1 1 1 1 0 1 2 1 2 1 1 1 1 1 0 0 1 0 1 0 0 1 0 2 0 0 1 0 0 1 2 1 2 2 1 1 1 0 1 0 1 0 0 2 2 0 1 2 1 1 0 2 1 0 1 2 1 1 2 0 0 2 2 0 1 1 0 2 1 0 2 0 2 0 1 0 2 2 0 0 1 0 1 1 2 1 1 1 1 1 1 1 1 0 2 2 1 0 0 1 0 0 1 0 0 1 0 0 1 0 0 0 2 1 1 1 0 0 2 2 0 1 1 1 1 1 1 1 0 2 0 0 1 1 1 0 0 1
b01041 2 2 1 1 1 0 0 1 2 2 0 0 1 1 1 0 0 2 1 0 1 2 2 0 1 1 1 2 0 0 1 1 0 0 0 0 0 1 0 1 0 0 0 1 0 1 0 1 2 0 1 1 0 1 1 1 0 1 0 0 1 0 2 1 1 0 1 2 2 1 1 2 0 2 1 0 1 0 1 0 0 2 0 0 1 1 2 0 1 1 0 1 2 1 2 1 0 1 1 0 1 2 0 0 2 1 1 0 0 1 2 1 1 1 1 1 1 2 1 1 0 1 1 2 1 1 2 1 1 2 2 1 1 1 2 1 2 2 1 1 0 1 0 1 0 1 0 0 1 0 1 1 0 2 2 0 0 0 1 2 1 0 1 0 -9 2 1 2 0 1 1 2 1 1 1 0 1 2 0 0 0 0 1 1 1 1 2 1 0 1 1 1 1 0 1 1 0 1 2 0
a01042 1 2 0 1 1 0 1 1 2 2 1 0 1 1 1 0 1 1 1 1 1 2 2 0 1 1 2 0 0 1 1 1 0 0 0 0 0 1 1 2 2 1 0 0 0 1 0 1 2 0 1 0 0 1 0 2 0 1 0 0 1 0 2 0 0 0 1 1 2 1 0 2 0 2 1 0 1 1 0 1 0 2 1 0 1 2 1 0 1 1 0 1 2 1 2 1 1 1 1 1 1 2 0 1 2 1 0 0 0 1 2 0 0 0 1 2 2 1 1 2 1 2 1 1 1 1 2 1 2 0 2 1 1 1 1 0 1 1 1 0 0 1 1 1 2 0 1 0 1 1 1 0 0 2 2 1 0 0 0 2 0 0 1 1 1 2 1 2 0 1 1 1 1 1 1 0 1 2 1 0 0 0 1 0 0 1 1 1 0 1 0 1 0 1 1 1 0 1 1 0
a01043 1 2 1 1 1 1 1 0 2 1 0 0 1 0 1 0 1 2 1 1 1 2 2 0 0 1 2 0 1 0 0 0 0 0 1 0 0 1 0 2 0 0 0 0 0 1 0 2 2 0 1 0 0 1 1 0 0 1 0 0 2 0 1 0 0 0 1 2 1 2 1 1 0 1 1 0 2 0 0 0 0 2 1 0 1 1 2 0 1 1 1 0 2 2 2 1 0 2 1 1 1 2 0 0 2 1 1 1 0 -9 2 1 1 -9 0 0 1 2 2 1 1 1 1 1 1 1 2 1 2 1 2 1 1 1 1 1 1 1 1 1 0 1 1 2 1 0 0 0 2 1 1 0 0 1 2 0 0 0 0 2 1 1 1 0 1 1 0 1 0 0 1 2 0 1 2 0 0 0 1 0 0 0 1 1 0 1 1 0 0 2 1 1 1 1 1 1 0 1 1 0
b01044 2 2 1 1 1 1 2 0 2 2 0 0 1 1 1 0 0 2 0 0 1 2 2 0 1 1 1 1 1 1 1 0 0 0 0 0 0 0 1 2 1 0 0 2 0 0 0 2 1 0 0 2 0 0 1 1 0 1 0 1 1 0 2 0 0 0 1 1 1 1 0 1 0 1 2 0 2 0 1 0 0 2 1 1 1 0 0 0 1 2 1 0 2 2 2 1 0 2 1 2 1 1 1 1 1 1 0 1 1 1 2 1 0 0 1 1 1 1 2 2 0 2 1 2 1 1 2 0 2 1 2 1 -9 1 1 0 2 2 1 0 1 1 0 1 1 1 1 0 1 1 1 0 0 1 1 0 0 0 0 1 1 0 1 1 1 1 1 2 0 0 1 1 0 1 0 0 1 2 0 1 0 0 1 0 1 0 1 1 0 2 1 1 1 0 1 1 0 1 1 0
a01046 1 1 1 0 1 0 1 1 0 1 0 1 1 2 0 1 1 1 2 1 1 1 0 1 0 2 0 1 1 1 0 0 0 1 1 0 0 1 1 1 1 0 1 0 2 1 0 1 0 1 1 1 0 1 0 0 1 1 0 0 2 1 0 1 2 2 0 1 0 1 0 2 1 0 1 2 1 1 1 0 1 1 0 1 1 2 0 1 0 1 1 2 2 1 1 1 0 0 1 2 1 0 1 0 1 1 0 1 1 1 0 1 1 0 1 1 1 0 1 2 0 0 0 0 2 1 1 1 1 1 1 1 1 0 1 1 1 1 0 2 0 2 1 0 1 0 2 1 0 1 1 1 0 0 1 2 0 1 0 1 0 0 1 1 1 2 0 2 1 0 0 1 1 0 1 0 0 1 1 1 1 1 2 0 1 1 1 1 1 0 1 1 1 2 1 2 1 0 2 1
a01047 1 1 2 0 1 0 1 1 0 0 1 2 1 1 0 2 0 0 2 1 1 0 0 1 0 2 0 1 2 1 0 1 0 1 1 0 0 1 1 0 0 0 0 0 1 1 1 0 1 1 2 0 0 2 0 0 1 1 1 0 2 1 1 1 1 1 0 0 1 1 0 1 0 1 1 2 1 2 2 0 1 1 0 0 2 0 0 2 1 1 1 2 2 0 2 0 0 0 1 2 0 0 1 2 2 1 0 1 1 2 0 2 1 0 0 1 1 0 1 0 1 0 1 1 2 2 0 2 2 1 1 1 2 0 1 0 0 1 0 0 0 2 1 0 1 0 2 0 2 0 1 0 0 0 0 2 0 1 0 1 0 0 0 1 2 1 1 1 2 0 0 0 1 0 1 0 0 1 1 1 1 0 2 0 0 0 0 1 1 0 1 0 0 1 1 1 0 1 2 0
a01048 2 1 1 0 0 0 1 1 0 0 1 2 0 1 0 0 0 2 2 1 1 0 0 1 1 2 0 1 1 1 0 1 0 0 2 1 0 0 1 0 1 0 1 0 1 2 0 0 0 0 2 1 0 1 0 0 0 2 0 0 2 1 1 1 1 1 0 0 1 1 0 2 1 1 1 2 1 2 1 0 1 0 0 1 1 0 0 1 1 2 1 1 0 1 1 0 0 0 2 1 0 0 1 2 2 0 1 1 1 0 1 1 1 0 1 1 2 1 1 2 1 0 1 1 2 2 1 0 1 1 1 1 1 0 0 1 0 1 0 1 1 1 1 0 1 0 2 1 0 0 1 1 0 1 0 2 0 1 1 1 1 1 1 1 1 2 1 2 2 1 0 1 1 0 1 0 1 1 0 1 1 1 2 1 1 0 1 1 2 0 1 0 1 0 1 1 1 0 2 1
b01049 1 1 2 0 2 1 1 0 0 1 0 0 0 1 1 0 0 1 1 1 0 1 2 0 2 1 1 1 1 1 0 1 1 1 1 0 1 0 1 2 2 0 0 1 2 0 2 1 1 1 1 0 0 2 1 0 0 1 1 1 0 1 0 1 1 0 1 1 1 0 2 1 2 0 2 0 0 1 -9 0 0 0 1 2 0 0 0 1 -9 1 1 1 0 1 0 1 0 1 1 1 1 0 0 2 1 1 0 0 1 0 1 0 0 1 2 1 0 1 1 1 1 1 2 1 1 0 0 0 0 1 1 1 1 0 1 1 0 1 0 1 2 0 0 2 1 0 2 1 1 1 1 0 1 1 0 1 1 1 2 0 0 1 1 0 2 0 1 1 1 0 0 0 1 1 1 0 1 0 0 1 2 -9 2 2 1 1 2 0 0 2 2 0 1 1 1 1 1 0 0 1
a01050 1 1 1 2 2 0 0 0 1 1 1 0 0 1 1 0 0 0 1 1 2 1 0 0 0 1 0 0 2 0 0 0 0 0 0 0 1 0 1 2 1 1 0 1 2 1 0 2 1 1 0 0 0 1 0 0 0 1 0 1 1 2 0 1 0 0 -9 1 1 0 1 1 1 1 2 0 1 1 0 0 0 0 1 1 0 2 0 1 0 0 1 2 0 1 1 1 1 0 1 1 2 1 0 1 1 2 1 0 0 0 0 0 1 1 2 2 0 2 0 1 1 0 2 0 1 0 0 1 0 1 1 1 2 1 1 0 0 1 0 1 1 0 0 2 1 0 1 1 2 1 2 0 1 0 1 1 0 0 1 0 1 2 1 0 2 1 1 1 0 0 0 0 1 1 1 1 1 0 0 0 0 1 2 2 1 2 1 1 1 2 1 0 2 0 1 0 0 1 1 1
a01051 1 1 1 1 2 0 0 0 1 1 0 0 0 1 1 0 0 0 0 1 1 1 1 1 0 1 1 1 1 1 0 1 0 1 0 0 0 0 2 0 2 0 0 1 1 1 1 2 1 1 0 1 0 1 0 1 0 1 1 2 1 1 0 0 2 0 1 0 0 0 2 0 2 1 1 1 0 2 0 0 0 2 1 1 0 1 1 2 1 0 1 2 0 1 0 0 0 1 0 1 1 1 0 1 0 0 1 0 0 1 0 2 1 1 2 1 0 1 2 0 1 1 2 0 1 0 0 0 0 1 1 0 2 0 1 1 0 1 0 1 1 0 1 1 1 0 2 1 1 1 2 0 2 1 1 1 1 0 1 0 0 0 1 0 1 0 1 1 0 0 0 0 1 1 1 0 1 0 0 0 2 0 1 1 2 0 1 1 2 2 0 1 2 1 1 1 0 0 2 0
b01052 1 0 1 0 2 1 1 0 2 1 1 0 0 0 2 0 0 0 0 1 1 1 2 0 2 1 1 0 1 0 1 1 2 1 0 0 1 0 1 2 2 1 0 1 1 1 1 1 1 1 1 0 0 1 1 0 1 0 0 2 1 0 0 1 2 0 0 1 0 0 2 1 2 0 2 1 0 1 0 0 0 1 1 2 0 1 0 1 0 1 1 2 0 1 1 2 0 1 0 1 1 0 0 1 1 2 0 0 0 1 1 1 1 2 2 1 0 2 1 0 1 1 2 0 1 0 0 0 0 1 1 1 2 0 1 0 0 1 0 1 1 1 1 1 2 0 2 1 2 0 1 0 1 2 0 1 0 0 1 0 0 1 1 0 2 0 1 1 1 0 0 -9 1 1 1 1 1 0 0 0 2 0 2 1 1 0 2 0 2 2 1 1 2 0 1 1 1 0 0 1
a01053 0 1 0 1 2 0 1 2 0 0 1 1 0 1 1 0 1 1 1 2 2 1 0 0 0 1 0 1 2 -9 2 2 1 0 1 1 1 2 0 1 0 0 1 0 0 0 1 1 0 1 2 2 1 0 1 0 0 1 0 2 1 0 0 0 1 2 1 1 2 0 2 1 2 1 0 1 1 1 1 1 2 1 1 1 2 0 1 0 0 1 0 1 0 1 0 0 1 2 0 1 2 0 1 2 1 1 1 1 0 2 1 0 2 0 0 0 1 1 1 0 2 0 1 1 0 1 0 1 2 1 0 0 1 2 2 1 1 1 2 0 1 1 2 1 1 2 1 0 0 2 0 1 1 2 0 0 0 1 1 1 1 1 0 1 0 0 0 0 1 2 1 2 1 1 1 0 0 0 0 1 1 1 0 0 0 0 1 2 2 2 0 1 2 0 1 1 -9 1 1 0
b01054 0 1 1 2 2 1 1 2 1 1 1 1 0 -9 2 0 0 1 1 2 2 0 0 0 0 1 1 2 2 0 1 2 1 1 1 0 1 2 1 1 0 0 1 0 1 1 1 1 0 1 2 1 1 0 2 1 0 1 0 1 1 0 0 1 1 0 1 1 1 0 1 0 1 2 0 2 1 1 1 0 1 1 1 1 2 0 0 2 0 1 1 1 1 0 1 0 1 2 0 1 1 1 2 1 1 0 1 0 0 2 2 2 0 0 0 0 1 2 1 0 2 1 1 0 0 2 1 1 2 1 1 0 1 2 1 1 0 1 0 0 0 2 2 1 1 0 1 0 0 2 1 1 1 0 1 0 1 0 1 1 1 1 0 1 1 1 1 1 1 2 1 2 0 0 2 1 0 1 0 2 1 1 0 1 0 0 1 1 0 1 0 1 0 1 1 1 2 1 1 0
b01055 0 2 1 2 2 0 1 2 1 1 0 1 1 2 1 0 1 0 1 0 1 0 0 0 0 0 1 1 1 0 1 1 0 2 1 1 1 2 1 1 0 0 1 0 0 1 2 1 0 1 2 1 1 1 1 2 0 0 0 1 1 0 1 1 0 1 0 1 0 0 0 0 2 1 0 0 1 1 0 1 0 1 0 -9 2 0 1 0 0 1 1 1 1 0 0 0 1 2 0 1 2 0 1 1 1 0 0 1 0 2 1 2 1 0 1 0 1 1 1 0 1 1 1 0 0 2 0 2 2 2 0 0 0 2 1 2 1 0 0 0 1 2 2 1 1 1 0 1 0 1 1 1 2 1 0 0 2 0 1 1 1 1 0 1 1 1 0 0 2 2 1 2 1 1 2 0 0 0 0 2 1 1 0 0 0 2 1 2 1 1 0 1 1 1 2 1 1 1 1 0
a01056 1 1 0 2 2 0 1 1 2 1 1 1 0 0 0 0 2 1 1 2 2 0 0 0 0 1 0 1 1 0 1 1 0 0 1 1 1 2 2 1 0 0 1 0 0 0 2 1 0 1 1 1 1 2 1 1 0 0 1 0 1 0 0 1 1 1 0 0 2 0 1 0 2 1 0 1 1 1 0 1 0 1 0 1 1 0 1 0 0 1 1 1 1 1 1 0 0 1 0 1 1 0 2 2 1 1 1 1 0 2 2 1 1 0 1 0 1 1 1 0 1 0 1 1 0 1 0 1 2 2 0 0 1 2 2 1 1 1 1 0 1 2 2 1 2 2 1 0 0 2 0 1 1 2 0 0 1 1 1 1 1 1 0 1 0 1 1 1 0 2 1 2 1 1 2 1 0 0 0 1 1 1 1 0 1 1 1 2 2 1 0 1 0 0 1 1 1 1 1 0
b01057 1 1 2 1 2 0 0 1 0 2 2 1 1 1 2 1 1 -9 0 1 0 1 1 1 0 1 0 2 1 2 1 0 1 1 1 0 0 0 1 2 1 0 0 0 1 1 1 1 2 0 1 0 0 1 1 1 0 1 0 1 1 1 0 1 0 0 2 2 0 0 2 1 2 1 1 2 1 1 0 0 0 1 1 1 0 2 1 1 1 1 0 1 0 0 1 1 0 0 0 0 0 1 0 2 1 0 1 1 0 1 0 1 0 0 1 1 0 1 0 1 0 0 1 0 2 1 1 1 0 2 1 1 0 0 2 0 0 1 0 1 1 2 0 0 1 1 2 0 0 2 1 1 1 0 0 1 2 1 1 0 0 1 0 0 1 2 1 1 0 2 0 1 0 0 0 0 2 0 1 1 1 1 1 0 0 0 2 1 2 0 2 2 0 0 1 1 1 1 1 0
b01058 1 1 1 1 2 0 1 1 1 2 1 1 2 1 1 1 0 1 1 1 1 1 0 1 0 1 0 1 1 1 0 0 1 0 2 0 0 0 2 1 1 0 1 1 1 1 1 1 1 0 1 1 0 1 1 1 0 1 0 0 1 0 0 0 0 2 1 1 0 0 1 2 1 1 2 1 1 1 0 1 0 1 1 2 1 2 1 0 2 1 0 1 0 0 1 2 0 0 1 0 1 2 1 2 0 0 1 0 1 0 1 1 0 0 1 0 0 0 0 1 0 0 1 0 2 0 1 1 1 1 2 0 1 2 1 1 1 1 0 1 0 1 0 1 1 1 2 1 0 1 1 1 1 0 0 0 2 0 1 0 0 2 0 1 1 2 0 0 1 1 0 0 0 1 0 1 1 1 1 1 2 1 1 0 0 0 2 1 2 1 1 2 1 0 2 1 0 1 1 1
b01059 2 1 0 0 1 0 1 0 0 2 1 1 2 1 1 1 0 0 1 1 1 0 0 2 0 1 1 1 1 2 0 0 1 1 2 1 0 2 1 1 1 0 1 0 1 1 1 1 1 0 0 1 0 1 1 1 0 1 0 1 1 0 0 1 0 2 2 0 1 0 1 0 2 2 2 1 0 2 0 0 0 0 1 1 0 2 0 1 0 2 1 1 0 2 1 1 0 1 1 0 1 1 0 1 0 1 1 0 0 0 0 1 0 0 1 1 0 0 1 1 1 0 0 0 2 1 0 2 1 2 2 1 1 1 1 1 1 1 1 2 1 2 0 0 1 1 2 0 1 1 1 1 0 1 0 1 2 1 1 0 0 1 1 1 1 1 0 0 1 2 0 1 0 1 0 0 1 1 2 1 1 1 0 0 0 0 2 2 1 1 2 2 0 0 2 0 1 1 1 0
b01060 1 0 1 0 2 1 0 0 1 2 0 1 2 1 2 1 0 1 1 1 1 0 1 0 0 1 0 1 0 1 1 0 1 1 0 0 0 1 1 2 1 0 0 0 1 1 0 1 1 0 2 0 0 1 2 1 0 1 0 2 0 1 0 0 1 1 1 1 1 0 2 1 1 1 2 2 0 2 0 1 1 0 0 2 1 2 0 0 0 2 0 1 0 2 1 1 1 1 1 1 0 1 0 2 0 1 1 1 1 0 2 1 0 0 1 0 0 1 1 2 0 0 0 0 2 1 0 1 0 2 1 1 1 0 1 1 0 1 1 1 0 2 0 0 1 1 1 1 0 2 1 1 0 0 0 0 2 2 1 1 0 1 1 0 1 0 1 1 1 2 0 0 0 1 0 1 2 2 0 1 1 0 2 0 0 1 2 1 1 0 2 2 0 0 2 0 2 0 1 1
b01061 2 0 1 0 0 2 1 1 1 0 1 0 2 0 1 1 0 0 1 1 1 0 0 1 2 1 1 0 1 1 2 2 1 1 1 1 2 2 2 0 1 0 0 0 0 2 2 0 2 1 0 1 1 0 1 1 1 2 0 2 2 1 0 0 1 0 1 1 1 1 1 1 0 0 1 1 1 1 1 1 1 1 0 0 0 0 1 0 1 2 1 2 1 1 2 0 0 1 0 0 1 1 1 0 1 1 2 0 1 0 1 0 2 1 0 1 1 1 0 0 1 1 1 -9 1 -9 0 2 2 1 2 0 0 0 0 0 1 1 1 2 1 1 0 1 1 1 1 1 1 1 0 1 1 0 0 2 0 0 1 1 2 2 0 0 1 1 1 1 2 1 0 2 1 0 1 1 1 0 2 0 2 1 2 2 1 1 0 1 1 2 1 2 0 1 1 2 0 0 1 0
a01063 0 0 2 2 0 1 1 1 1 1 1 0 0 1 1 1 1 0 0 2 1 1 0 1 1 0 0 0 0 2 1 2 0 2 1 1 2 1 2 1 0 1 2 0 0 1 1 1 2 0 0 1 0 1 0 1 1 2 0 2 1 1 1 2 1 1 1 1 0 1 1 1 0 0 2 2 1 1 1 1 1 1 0 1 1 0 1 0 1 1 1 2 2 2 2 0 0 2 0 0 1 2 1 2 1 1 1 0 0 0 2 0 2 2 0 1 0 1 1 1 0 1 2 1 1 0 2 1 2 1 2 1 0 0 0 0 1 1 1 1 1 1 0 0 1 1 0 2 1 1 0 1 0 1 0 2 0 1 0 1 1 1 1 0 1 0 1 1 1 1 1 2 0 0 0 1 0 0 2 0 1 0 2 0 1 1 1 0 1 1 1 1 0 1 2 1 1 1 1 0
b01064 2 0 1 1 1 0 1 1 1 0 1 0 1 1 0 1 1 0 1 2 1 2 1 0 1 1 1 0 1 2 2 2 0 1 1 1 1 1 2 1 1 0 2 0 1 1 1 0 2 0 0 0 1 0 2 1 1 2 0 2 2 2 0 1 1 0 0 1 0 1 1 1 0 0 0 2 1 1 1 1 1 0 0 1 0 0 1 0 1 1 1 2 0 1 2 0 0 2 0 0 0 2 1 1 1 1 1 0 0 0 1 0 2 1 0 1 2 1 1 1 2 1 0 1 1 0 1 1 1 1 2 0 0 0 0 0 1 0 0 1 0 0 0 0 2 1 2 1 2 1 0 1 0 1 0 2 0 1 0 0 1 2 1 0 1 1 1 1 2 1 0 2 1 1 0 0 1 0 2 0 1 1 2 0 1 0 0 2 1 0 1 2 1 1 2 1 1 1 1 0
b01065 1 1 1 2 1 2 0 1 1 0 2 0 1 1 1 1 0 2 0 0 0 1 1 0 2 1 0 0 1 2 0 1 0 2 1 1 1 0 2 0 0 0 2 1 2 0 1 1 2 0 1 0 0 1 1 1 1 0 2 0 2 0 1 0 0 1 1 0 0 0 1 1 1 0 2 2 2 1 2 1 0 1 2 2 1 0 1 1 0 1 1 2 2 0 1 0 1 1 2 0 1 0 2 1 0 1 0 1 1 0 1 1 1 1 2 1 0 1 1 0 0 1 1 2 0 1 1 1 1 1 1 1 1 1 1 1 0 1 2 1 0 1 1 1 0 0 1 1 2 2 1 0 0 0 0 1 1 2 1 1 1 1 0 0 2 0 1 0 0 2 0 2 0 1 1 0 0 0 1 0 1 0 1 1 1 1 1 1 0 2 1 1 1 2 1 1 2 1 0 0
b01066 1 1 1 2 1 1 2 1 2 1 1 0 1 1 1 1 1 2 2 0 0 1 1 0 2 1 1 0 1 1 0 1 0 2 1 1 1 0 1 2 0 0 1 2 1 1 1 1 1 2 0 0 1 2 2 0 1 1 2 0 1 -9 0 0 0 2 1 0 0 0 2 1 0 0 2 1 2 1 0 2 0 1 2 0 2 0 2 1 0 0 1 2 1 1 0 2 1 0 1 1 1 1 1 2 1 1 0 1 1 0 2 1 1 1 0 1 0 2 0 1 0 2 1 2 1 1 1 1 1 2 1 1 2 0 1 0 0 1 0 1 0 0 1 0 0 0 0 1 2 1 1 1 0 0 1 1 1 2 1 0 0 1 0 0 1 1 1 0 0 1 0 2 1 1 1 0 0 0 0 0 2 1 1 1 1 1 0 1 1 2 1 1 1 1 1 2 1 1 0 0
a01068 1 1 1 1 0 2 1 1 0 1 1 0 0 1 1 1 1 2 1 1 0 0 1 0 2 1 0 0 0 2 0 1 1 2 1 1 1 0 1 1 0 1 1 2 1 2 1 1 2 1 0 0 0 -9 2 1 1 1 1 1 0 0 1 1 0 2 1 0 0 0 2 1 1 0 2 1 2 1 1 0 0 1 2 1 1 0 0 1 0 1 0 1 2 0 1 2 1 1 2 1 1 0 1 1 1 0 0 1 0 0 2 1 0 2 1 2 0 -9 0 0 1 2 1 2 0 1 0 -9 1 -9 2 1 2 0 0 0 1 0 2 1 0 1 1 1 0 0 1 1 2 2 1 0 0 0 0 1 1 2 0 1 1 1 0 1 1 1 1 0 0 1 0 1 0 0 1 0 0 0 1 0 1 1 1 0 2 0 1 1 0 2 1 1 2 1 0 1 2 0 0 0
b01069 0 1 0 2 0 0 0 1 1 0 1 2 0 2 1 1 1 0 1 1 0 0 1 1 1 0 0 1 0 0 2 0 1 2 0 1 0 2 1 0 0 0 0 1 1 1 1 2 1 1 1 1 2 1 2 2 0 2 0 1 1 0 1 2 1 1 0 1 0 0 0 2 1 2 0 1 2 0 1 1 0 2 0 0 1 1 0 1 1 2 1 1 1 0 1 1 0 0 0 1 2 0 2 0 2 0 1 1 0 1 1 1 0 0 2 0 1 1 2 1 0 1 0 1 0 2 0 0 1 0 1 0 0 1 1 1 2 2 1 1 1 1 2 1 2 1 1 0 1 2 0 0 1 2 0 0 0 2 0 1 1 2 0 0 1 1 1 2 1 2 1 2 1 2 1 0 1 1 0 1 0 1 0 1 1 0 1 0 1 2 1 2 1 0 0 1 0 2 2 0
a01070 0 1 1 1 1 0 0 1 2 1 2 1 1 2 2 1 1 1 0 2 0 0 1 1 1 0 1 0 1 0 1 1 0 1 0 1 0 1 0 0 1 0 0 1 1 0 1 2 0 1 1 1 0 0 0 1 0 1 1 1 1 0 2 2 1 1 0 1 0 0 0 0 1 1 0 1 1 0 1 2 0 2 1 0 1 1 1 1 1 2 1 1 0 0 1 0 0 0 0 1 1 0 2 0 2 0 1 2 1 1 0 1 0 0 2 0 1 0 1 1 1 0 0 1 0 1 0 0 1 1 0 0 1 0 0 1 2 1 1 0 0 2 1 1 1 0 2 0 1 1 0 0 1 1 1 0 1 2 0 1 1 2 0 1 1 0 0 1 1 2 2 2 1 2 1 0 1 1 0 1 1 1 0 0 2 1 2 1 0 2 1 2 1 0 0 2 2 2 1 0
a01071 0 1 1 2 1 0 0 1 2 0 1 2 0 1 2 0 1 1 0 2 0 0 0 1 1 0 1 1 1 0 1 1 2 0 1 1 0 1 1 0 1 0 0 1 2 0 1 2 1 1 1 1 1 1 1 2 0 2 0 0 1 0 2 0 0 1 0 1 1 0 0 0 1 1 1 2 1 0 1 1 0 1 0 0 1 1 0 0 1 2 1 0 0 0 2 0 0 0 2 1 1 1 1 1 2 0 2 1 1 2 2 0 1 0 1 0 1 1 1 1 1 1 0 1 0 0 0 0 2 0 0 0 1 1 1 1 1 2 1 0 1 1 2 1 2 1 1 0 1 1 0 0 1 1 1 0 2 2 1 2 1 2 0 1 0 1 0 1 1 1 2 2 2 2 1 0 1 1 0 1 1 1 0 1 1 1 2 2 1 2 1 2 1 0 2 2 0 1 0 0
b01072 0 1 1 1 1 0 0 1 2 1 2 2 0 2 2 0 0 1 1 2 0 0 1 1 1 0 1 1 0 0 1 1 1 2 1 1 -9 1 1 1 0 0 0 1 1 1 1 2 1 1 1 1 0 1 0 1 0 1 2 0 1 0 1 1 0 1 0 2 1 0 0 0 1 1 0 2 1 0 0 1 1 2 0 0 1 1 0 0 1 2 1 1 1 0 2 1 0 1 1 2 1 1 2 -9 2 0 1 1 0 2 1 1 1 0 0 0 1 1 0 1 1 2 0 0 0 2 0 1 -9 0 -9 0 1 1 0 2 1 2 1 0 0 1 1 1 1 1 0 0 0 2 0 0 2 1 0 0 1 1 0 1 1 2 0 1 0 0 0 0 0 1 2 2 1 2 1 0 1 0 0 1 1 1 1 -9 1 2 1 2 1 2 1 2 0 0 2 2 2 2 2 0
a01073 1 1 1 1 0 0 1 2 0 1 1 1 0 0 0 0 1 2 1 2 1 0 1 0 0 1 1 1 0 0 0 1 0 1 0 1 1 0 0 0 0 1 1 0 0 2 0 1 0 1 2 1 0 1 0 0 2 1 0 0 2 1 1 2 1 1 1 2 1 1 0 2 1 1 1 1 1 1 2 0 1 1 0 0 1 0 0 0 1 1 1 1 1 2 2 1 1 1 2 2 2 0 2 2 0 0 0 0 1 1 1 0 1 0 2 0 1 1 0 1 2 1 1 2 1 2 0 1 0 0 1 0 0 1 0 1 0 0 1 2 0 1 0 1 1 0 1 1 1 1 1 0 0 0 0 1 0 2 1 1 0 1 0 1 0 1 0 1 1 0 0 0 2 0 0 0 0 0 1 1 0 2 2 1 2 0 1 1 1 0 1 1 1 1 1 2 2 1 0 0
a01074 1 1 1 1 0 0 1 1 0 1 1 1 1 1 0 1 0 2 1 1 1 2 1 0 0 0 0 1 1 2 1 0 0 0 1 1 0 1 0 1 1 0 1 0 0 2 0 1 1 1 2 1 1 0 0 0 2 1 0 0 2 1 1 2 2 2 1 2 0 1 0 0 0 0 1 1 1 1 1 0 1 0 0 2 2 0 0 1 1 1 1 1 1 0 2 1 1 1 2 1 2 0 1 0 2 1 1 1 2 2 1 1 1 0 2 0 1 0 0 0 1 1 1 1 1 1 0 0 0 0 1 1 1 1 1 0 0 0 1 2 1 1 0 1 2 0 1 1 2 0 2 0 0 0 0 2 0 2 1 0 1 1 1 1 1 1 0 0 0 0 0 1 0 0 0 0 1 1 1 0 1 2 1 1 0 0 1 1 1 0 1 1 1 1 1 2 2 1 1 1
b01075 1 1 1 1 0 0 1 2 0 1 1 1 1 0 0 1 1 2 1 2 1 2 1 0 1 2 0 1 1 2 1 0 0 0 0 0 0 1 0 1 1 0 2 0 0 2 1 1 1 1 0 0 0 1 0 0 1 1 0 0 2 1 0 2 1 2 1 1 0 1 0 2 0 1 1 2 1 1 1 0 1 1 0 1 2 2 0 1 2 2 2 1 1 1 1 1 1 0 2 1 2 1 2 1 1 1 1 1 2 2 1 0 1 0 1 0 1 1 0 1 2 1 1 2 1 2 0 1 0 0 1 0 1 1 1 0 0 0 1 2 2 1 0 1 1 0 1 2 1 0 2 0 0 1 0 2 1 2 0 1 0 1 0 0 0 1 0 0 0 0 0 1 2 0 0 0 2 1 1 2 1 1 1 1 1 0 1 1 2 0 0 0 0 0 1 2 2 1 1 1
a01076 1 1 1 1 0 0 1 2 0 1 1 0 1 1 0 0 2 2 1 0 1 2 1 0 1 2 0 0 1 1 0 1 0 1 0 1 0 1 0 1 1 0 1 0 0 2 0 1 1 0 2 1 1 0 0 0 2 0 0 1 1 1 1 2 1 1 1 1 1 1 0 1 0 1 1 1 1 1 2 0 1 0 0 1 2 2 0 0 0 2 2 1 1 1 1 1 1 0 1 2 1 1 1 2 0 1 1 0 1 1 2 0 1 0 1 0 2 0 0 0 1 0 0 2 1 1 1 1 1 0 1 0 1 1 2 1 0 0 1 1 1 1 0 0 2 0 1 2 2 0 1 0 0 0 0 2 1 2 0 0 1 1 1 0 1 1 0 0 1 0 0 0 1 0 0 0 1 1 1 2 1 1 1 1 0 0 1 1 1 0 0 1 1 1 1 2 1 1 2 1
a01077 0 1 1 2 0 0 1 1 1 1 2 1 1 1 2 0 2 1 0 0 1 0 1 0 0 1 0 0 1 2 1 1 2 2 0 2 2 2 1 1 1 1 1 1 2 1 1 1 1 1 1 0 2 1 1 0 0 1 1 1 1 1 0 0 1 2 1 1 1 0 2 1 2 0 2 1 1 1 0 1 0 0 1 0 2 0 0 1 1 2 1 0 1 2 1 0 1 0 1 0 1 1 1 1 1 0 1 0 1 1 1 1 1 1 0 2 0 0 2 2 1 1 2 2 0 0 2 1 1 2 0 1 0 2 1 1 0 0 1 1 0 2 1 1 1 0 1 0 1 2 1 1 0 0 0 1 0 1 0 0 2 2 0 1 1 1 0 1 0 1 0 1 0 1 1 0 0 0 2 0 2 0 1 1 1 2 1 0 1 1 1 0 0 0 0 1 1 1 0 1
a01078 0 1 1 1 0 1 2 1 0 0 2 1 1 1 0 1 1 1 1 1 0 0 1 0 0 1 0 0 2 1 1 1 2 0 0 1 1 1 2 0 0 0 1 2 2 1 2 1 1 1 0 0 0 0 1 0 0 1 1 1 1 1 0 0 1 2 0 1 1 0 2 1 2 0 2 1 -9 1 2 0 0 0 1 1 2 0 2 1 0 1 1 0 1 2 0 0 1 0 0 1 1 0 1 0 2 0 1 1 0 1 1 1 1 1 0 1 1 1 1 1 1 1 1 1 1 1 1 1 1 2 0 1 0 2 0 1 1 0 1 1 1 2 1 0 1 0 0 1 2 0 2 0 0 0 0 1 2 1 1 0 1 2 0 1 1 1 2 1 0 1 0 2 0 1 2 1 0 1 0 1 2 1 1 0 2 1 0 0 1 1 0 1 1 1 1 1 1 1 1 1
b01079 1 1 1 2 0 0 1 1 2 0 2 1 2 1 0 2 1 1 0 1 0 1 1 0 0 1 0 0 1 1 1 1 2 1 0 1 2 1 1 0 0 1 1 1 2 1 2 1 1 1 1 0 0 0 0 0 0 1 1 1 0 0 0 0 1 1 1 1 1 0 2 1 1 0 2 1 2 1 2 1 1 0 1 1 1 0 0 1 1 1 1 0 2 2 0 1 2 0 0 2 2 1 1 0 1 0 0 1 0 1 2 0 2 0 0 2 1 0 2 2 1 1 2 2 0 0 1 1 1 2 1 1 1 1 1 0 1 0 1 1 0 0 2 0 1 0 0 1 1 1 2 1 1 0 0 1 2 1 1 0 1 2 0 0 1 0 0 0 0 1 1 1 1 0 1 0 0 1 0 1 1 1 1 1 0 2 1 0 1 1 0 1 1 0 1 1 1 1 0 0
a01080 0 1 1 2 0 1 0 1 1 1 2 1 1 1 1 0 1 1 0 1 1 0 1 0 0 1 0 0 2 2 1 1 0 2 0 2 2 2 2 2 1 0 1 1 1 0 0 1 2 1 0 1 2 0 0 0 0 2 1 0 0 1 0 0 1 1 1 1 1 0 1 0 1 0 2 1 2 1 2 0 1 0 1 2 1 0 1 0 0 0 1 0 1 1 0 1 1 0 1 2 1 1 1 1 2 0 0 1 0 0 2 0 2 2 1 2 1 1 2 0 1 1 1 2 1 1 2 0 1 2 1 1 0 2 1 1 2 0 0 1 1 2 1 0 1 0 1 1 2 1 2 0 1 0 0 1 0 1 0 0 0 2 0 1 1 1 2 1 0 1 0 1 0 1 2 0 1 1 0 0 2 1 1 0 1 1 0 1 2 1 0 1 1 1 0 0 1 1 0 1
a01081 2 0 0 0 0 1 0 1 0 1 1 0 1 1 1 2 1 0 1 1 1 2 0 2 1 1 1 0 1 0 1 2 1 1 1 2 0 1 1 0 0 0 1 1 0 1 1 0 2 1 0 1 1 0 1 0 1 1 0 1 2 2 1 0 0 0 1 0 1 1 1 2 0 1 1 2 1 1 1 0 1 0 0 0 0 0 0 0 0 2 1 1 1 0 1 1 0 1 1 0 0 1 0 1 0 1 1 0 0 1 1 0 1 2 0 0 1 1 0 0 2 0 0 2 1 1 1 0 1 1 0 0 1 0 1 0 1 1 1 2 0 0 0 0 1 1 1 1 0 2 0 2 1 0 0 1 0 1 -9 0 1 1 0 0 2 0 0 0 0 1 1 2 0 1 1 0 1 0 1 0 1 1 1 2 0 0 1 1 1 1 1 1 0 2 1 2 0 0 0 1
b01082 2 2 2 0 0 2 0 1 0 2 2 0 2 1 1 2 0 0 2 1 1 2 1 1 1 1 1 1 1 1 1 1 1 1 1 1 1 1 1 0 0 1 2 0 0 0 1 1 2 2 0 1 0 0 1 0 1 1 0 2 1 1 0 0 0 1 0 1 1 1 1 1 0 0 1 1 1 2 1 1 1 0 0 1 0 1 0 0 0 1 1 0 2 1 2 1 0 1 0 1 0 1 0 0 0 1 1 0 0 1 1 0 1 0 0 0 1 2 0 1 2 0 0 1 0 0 2 1 1 1 0 0 1 0 1 0 0 1 1 2 0 0 0 0 2 1 2 1 0 0 0 0 1 0 0 1 0 0 1 0 0 1 0 0 2 1 0 0 0 1 1 2 0 0 2 0 0 0 1 0 2 1 1 1 0 1 0 0 1 1 -9 2 0 2 1 2 0 0 0 1
a01083 1 1 1 0 1 2 0 1 0 1 1 0 1 0 1 2 1 0 2 1 1 1 0 1 1 0 2 0 2 1 0 0 2 1 1 2 0 1 1 0 0 0 1 2 0 0 1 0 2 2 0 1 1 1 0 0 1 1 0 2 1 2 0 0 0 0 1 0 0 0 1 1 0 1 1 1 1 1 0 0 1 0 0 0 1 0 0 0 0 1 2 0 1 2 2 1 0 1 0 0 0 1 0 1 0 1 2 0 0 0 1 0 1 2 1 1 0 1 0 0 1 0 0 2 1 2 0 1 1 2 1 0 1 0 1 0 0 1 1 2 1 0 0 0 2 1 1 1 1 2 0 2 1 0 0 1 0 1 0 1 1 2 0 0 2 1 0 0 0 0 0 2 0 1 1 1 0 0 1 0 2 2 1 2 0 1 0 2 2 2 1 1 0 2 1 2 1 0 0 1
b01084 1 2 1 1 0 2 0 1 1 0 1 1 2 0 0 2 0 0 1 1 1 1 0 2 1 1 1 0 1 2 0 0 2 1 2 2 0 1 2 0 1 1 0 0 0 1 1 0 2 2 1 1 0 1 2 0 1 1 0 1 2 0 0 1 0 0 0 0 2 1 1 2 0 1 1 2 1 2 0 1 1 0 0 1 0 1 0 0 0 1 1 0 1 0 1 1 0 1 0 1 0 1 1 1 0 1 2 0 0 1 1 0 1 1 1 1 1 2 0 2 2 0 1 1 1 2 1 1 1 2 1 0 1 0 1 0 0 -9 1 1 1 0 0 0 2 0 2 1 0 2 0 1 1 0 1 1 1 1 0 0 0 0 0 0 2 1 0 0 0 0 0 1 1 0 0 0 1 1 1 0 2 0 1 2 0 1 1 0 2 1 1 2 0 1 1 2 0 0 0 1
b01085 1 1 1 1 1 2 0 1 0 0 2 0 0 1 2 1 1 0 2 1 2 0 1 0 0 1 0 1 0 1 0 0 0 1 1 0 1 1 0 1 0 0 1 0 1 2 1 1 2 1 1 1 0 1 0 0 1 1 1 0 2 0 1 2 0 1 0 0 2 0 0 0 1 -9 2 1 1 0 0 1 1 1 1 0 0 0 1 2 1 1 1 0 0 0 0 1 0 0 1 0 2 0 1 1 0 0 1 0 0 1 0 1 0 1 1 2 0 2 0 1 1 1 2 1 1 1 0 1 1 2 2 0 1 0 2 1 1 2 1 0 1 1 1 0 2 1 1 1 1 0 1 1 1 0 1 1 2 1 0 0 1 0 2 2 0 2 0 2 1 0 2 2 1 1 1 0 1 1 0 0 1 2 1 0 1 1 0 0 2 2 1 1 0 0 1 0 1 1 0 1
a01086 1 0 1 2 1 1 0 1 1 1 1 1 0 1 2 0 1 0 1 0 1 0 1 0 0 2 1 1 0 0 0 0 0 1 1 0 1 1 0 1 1 0 2 1 1 2 1 1 2 1 1 1 1 1 0 0 1 2 1 0 2 0 1 2 1 0 0 0 1 0 1 0 1 1 1 1 1 0 0 1 0 1 1 0 1 1 0 2 1 2 1 0 2 0 0 -9 0 1 0 0 2 1 1 1 0 0 2 1 0 2 1 0 0 1 1 1 0 1 0 1 1 1 1 0 2 1 0 2 1 2 2 0 0 0 2 2 1 1 1 1 1 2 0 1 2 2 1 1 0 1 1 1 2 1 2 1 2 1 0 0 1 2 2 2 0 2 1 1 1 0 1 2 1 1 1 0 0 1 1 0 1 1 1 0 1 1 0 1 2 2 1 0 0 1 0 0 1 1 0 1
b01087 2 0 2 2 1 1 0 1 1 1 1 1 0 1 1 1 1 0 2 1 2 0 1 0 0 1 0 1 0 0 0 0 0 1 1 1 1 2 1 2 1 1 2 0 0 2 1 1 2 1 1 0 0 1 0 0 1 1 1 0 2 0 1 2 1 1 0 0 2 0 1 1 1 2 1 1 1 1 0 2 0 1 0 1 0 1 1 2 1 2 1 1 1 1 1 2 1 1 1 0 1 0 1 1 0 0 0 0 0 2 0 1 0 1 0 2 0 1 0 1 2 0 1 0 1 1 0 1 1 2 2 0 2 0 2 2 1 1 1 0 1 1 0 1 1 2 1 2 1 0 0 2 2 1 1 1 2 1 0 0 1 1 2 1 1 1 1 1 1 0 1 2 2 1 0 0 0 1 1 0 1 2 1 0 1 1 0 1 1 1 0 1 0 0 0 0 2 1 0 1
b01088 1 1 2 1 1 1 0 0 1 0 1 1 0 1 2 0 1 0 1 0 2 1 0 0 0 1 0 0 0 0 1 0 0 1 1 0 1 1 1 2 1 1 0 1 1 1 1 0 2 1 1 1 0 1 0 0 1 2 1 0 1 0 1 0 1 1 0 0 1 0 0 0 1 2 2 1 2 0 0 2 1 1 1 0 1 1 0 2 1 2 0 1 1 1 0 1 1 1 0 0 2 0 1 2 0 0 2 1 0 1 1 1 0 1 0 2 0 1 0 0 1 1 2 1 2 1 0 1 1 2 2 0 0 1 2 1 1 2 1 0 1 1 1 1 1 2 1 0 0 0 -9 2 2 1 0 0 1 1 0 0 1 1 2 0 0 2 0 0 1 0 1 2 2 1 0 0 0 1 0 0 1 1 1 0 2 1 1 0 1 2 0 0 0 1 1 0 1 1 0 1
b01089 0 0 1 1 0 1 0 1 0 1 1 1 0 1 0 2 2 0 2 1 1 1 1 1 2 1 0 0 2 2 0 0 1 2 0 1 1 1 1 2 0 0 1 0 1 1 0 1 0 1 1 0 0 1 2 1 0 1 0 1 2 0 0 0 0 1 1 2 1 0 0 2 1 2 0 0 0 1 2 1 1 1 1 1 1 2 0 2 1 1 0 2 1 0 1 2 0 0 2 1 1 1 0 1 0 1 1 0 1 1 1 0 2 2 2 1 1 0 1 1 0 1 1 0 0 2 0 0 0 1 1 0 1 0 1 0 2 1 1 1 1 2 1 1 2 2 0 2 0 2 1 1 0 2 2 0 0 0 0 0 0 1 0 0 1 1 1 0 0 0 2 1 2 0 1 1 1 0 0 1 1 1 0 2 1 0 1 1 2 1 2 0 0 1 0 1 1 2 0 0
a01090 0 1 0 1 0 0 1 1 0 1 1 1 1 1 0 2 2 1 1 1 1 2 0 1 2 1 0 0 1 1 0 0 1 2 0 1 1 1 2 2 0 0 2 0 1 1 0 0 0 1 0 0 0 1 2 1 0 0 1 1 2 0 0 0 1 0 0 1 1 0 1 2 0 2 1 0 0 2 2 1 0 1 0 1 1 0 0 2 2 2 1 1 0 0 1 2 1 1 2 1 2 1 0 1 1 1 1 0 0 1 2 1 1 2 2 0 0 2 1 1 2 2 1 0 0 1 0 2 0 1 0 0 0 0 2 0 2 2 1 2 1 1 0 1 2 2 0 1 0 0 1 1 1 2 1 1 0 0 1 1 1 1 0 0 1 1 0 0 1 1 1 0 2 1 2 1 1 1 1 1 1 1 0 2 0 1 1 -9 2 2 1 0 1 0 1 1 1 2 0 0
b01091 0 1 1 1 0 1 1 0 0 1 1 0 0 2 0 1 1 1 2 1 1 1 0 1 2 1 0 0 1 1 0 1 2 2 0 0 1 1 2 2 2 0 0 0 1 1 0 1 0 1 1 0 0 1 2 2 0 0 0 1 2 0 1 0 0 1 0 0 1 0 0 1 2 2 2 0 0 0 2 2 1 1 0 1 2 1 0 2 0 2 1 1 0 0 1 2 1 0 2 1 1 1 0 1 1 1 2 0 0 1 1 1 1 2 2 2 2 1 1 1 1 2 1 0 0 2 0 2 1 1 1 0 1 0 2 0 -9 2 1 0 1 1 0 1 2 2 0 2 0 1 1 1 1 1 2 1 0 0 1 1 0 1 0 0 0 1 1 0 2 1 2 1 2 1 1 1 1 0 0 0 1 2 0 1 1 1 1 0 2 1 1 -9 2 1 1 1 1 2 0 0
b01092 0 0 1 1 0 1 0 1 0 1 1 1 1 2 0 1 1 1 1 0 1 2 1 1 2 1 0 0 1 2 0 0 2 1 0 1 1 2 2 2 1 0 0 0 1 0 0 0 0 1 0 0 0 1 1 1 0 0 1 2 2 0 1 0 0 1 0 1 1 0 0 2 1 2 1 0 0 1 2 2 1 1 1 1 1 2 0 2 2 1 1 2 1 0 1 2 1 0 2 2 1 1 0 0 1 0 2 0 2 1 2 0 2 2 2 1 2 1 1 1 1 0 1 0 1 1 0 1 1 1 1 0 0 0 1 0 1 1 1 0 2 1 1 1 2 2 0 2 1 0 0 1 0 2 2 1 1 0 1 0 0 1 0 0 1 1 1 0 1 0 2 0 2 0 1 1 1 0 1 1 1 0 0 2 0 0 1 1 2 1 2 0 2 1 1 1 1 2 0 1
a01093 0 1 1 1 0 0 0 0 0 2 2 0 0 1 1 1 0 0 1 2 1 1 0 2 1 2 0 0 1 2 1 1 2 1 1 0 0 0 1 -9 0 -9 1 0 0 0 1 1 0 1 1 0 0 2 2 1 1 1 0 2 2 0 2 1 1 1 1 2 1 0 2 1 1 2 1 0 1 2 2 1 1 0 2 0 2 0 0 1 2 2 1 0 2 1 1 2 1 1 2 1 2 0 1 0 0 1 1 0 2 1 0 1 0 1 1 1 1 2 0 2 1 0 1 0 1 1 1 2 1 1 1 0 1 1 2 0 2 2 2 1 0 0 0 0 1 2 0 0 0 0 0 0 0 1 1 2 0 1 1 0 0 0 1 1 1 1 0 1 1 0 1 1 1 1 0 0 0 0 0 0 2 1 0 1 1 1 1 0 2 2 1 0 1 0 1 0 0 2 1 1
b01094 1 1 2 1 1 1 0 0 0 2 2 0 1 1 1 1 1 1 1 1 1 2 1 1 1 2 0 0 1 2 1 1 2 1 1 1 1 2 1 1 1 1 0 0 0 0 1 2 0 1 0 0 1 2 2 1 1 1 0 2 2 0 1 1 1 0 0 1 1 1 1 1 1 2 1 0 0 1 2 1 0 1 1 0 2 1 0 1 0 1 1 0 2 0 1 2 0 1 2 0 2 0 0 0 0 0 2 0 2 1 2 2 1 1 -9 2 0 1 0 2 1 0 1 0 0 1 0 1 1 0 1 0 1 0 0 0 0 0 2 0 1 0 0 1 1 2 0 1 0 0 0 0 0 1 1 2 0 0 0 0 0 1 0 1 1 2 0 0 1 0 0 1 1 1 0 0 2 0 0 0 1 2 1 1 1 1 0 0 2 2 1 0 1 0 0 1 0 2 2 1
b01095 0 1 1 1 1 1 0 0 0 2 2 0 0 1 0 0 0 1 0 1 1 1 0 1 2 2 0 0 1 2 0 1 1 0 1 0 0 0 2 2 1 1 0 0 0 0 1 1 0 1 0 1 1 2 1 1 1 1 0 1 1 0 2 0 0 1 0 2 1 1 1 1 1 2 1 0 0 1 2 1 1 0 2 0 2 0 0 1 0 1 -9 1 1 1 1 2 0 0 1 0 2 1 1 0 0 0 2 0 2 1 0 2 2 1 2 1 0 1 0 2 2 0 1 0 0 0 0 2 1 1 1 0 1 1 0 0 0 2 1 1 1 0 0 1 1 1 0 1 0 1 1 0 0 1 1 1 0 0 1 0 0 1 2 1 1 2 0 0 1 0 1 1 1 1 1 0 2 0 0 0 2 2 1 1 2 1 1 0 2 2 1 0 0 0 1 0 0 2 1 0
b01096 0 1 1 1 1 0 1 0 0 1 2 0 1 1 0 2 0 0 1 1 1 2 0 2 1 1 0 0 0 2 0 1 1 0 0 0 1 2 2 2 1 1 1 0 0 0 1 0 1 1 0 0 1 2 2 1 1 0 0 2 2 0 2 1 1 0 0 2 1 1 2 1 1 2 0 1 1 1 2 1 1 0 1 0 1 1 0 1 0 1 2 0 2 1 1 2 1 0 1 1 2 1 1 0 0 0 1 0 2 1 0 1 0 1 1 1 0 1 0 2 0 1 1 0 1 0 0 2 1 1 1 0 1 0 1 0 1 1 1 0 0 0 0 0 1 1 0 1 0 1 0 0 1 0 1 2 0 0 0 0 0 0 1 0 1 2 0 1 1 1 1 2 1 1 0 0 1 0 0 0 2 1 0 2 1 2 0 0 2 2 0 0 0 0 0 1 0 1 1 1
a01097 1 1 1 0 1 0 1 2 0 0 1 1 1 2 0 2 1 1 1 1 1 1 0 0 0 0 0 1 1 1 0 2 1 1 1 0 0 1 1 0 0 1 0 1 1 1 0 1 1 0 1 1 0 1 0 0 1 1 1 1 1 0 1 1 2 2 1 0 1 1 1 2 1 0 2 2 1 1 2 0 0 0 0 1 0 1 0 1 0 2 2 1 2 1 2 1 0 0 1 1 1 1 2 1 0 1 1 0 2 2 1 2 1 0 0 0 1 1 1 0 1 0 2 2 1 1 0 1 2 0 2 0 0 0 1 2 0 0 1 1 1 2 0 0 1 0 2 0 2 1 1 1 0 1 0 2 0 1 0 0 1 0 0 0 1 2 0 0 2 0 0 1 1 1 0 0 2 0 1 1 1 2 1 1 2 1 0 0 2 1 0 1 1 0 1 1 0 -9 0 1
b01098 2 1 1 0 1 0 2 2 0 0 1 1 1 2 0 1 1 0 1 2 1 1 0 0 1 1 0 2 2 0 0 1 1 1 1 1 0 2 0 0 0 0 1 1 2 2 1 1 1 0 1 1 0 1 0 0 0 0 0 1 1 0 0 2 1 2 1 1 0 1 1 2 0 0 2 2 1 1 2 1 1 2 1 2 1 1 0 2 0 2 2 2 2 1 1 1 0 0 1 0 0 1 2 1 0 1 1 0 1 2 1 1 1 0 0 0 1 1 1 1 0 0 2 1 1 1 1 1 2 0 2 0 2 1 1 1 0 0 1 1 0 1 0 1 1 1 2 1 1 0 1 0 1 1 0 1 1 1 1 0 0 0 1 0 1 -9 1 1 0 0 1 1 0 1 0 0 1 0 1 0 1 1 0 0 0 0 0 1 1 1 1 0 1 1 1 1 0 0 1 1
a01099 2 1 1 0 2 0 1 2 0 0 1 1 1 1 0 2 0 1 1 2 1 1 1 0 2 -9 0 1 2 0 0 1 -9 1 1 0 0 1 0 0 1 0 0 1 2 1 1 0 0 0 1 0 0 1 0 0 1 1 1 1 1 1 1 2 0 2 1 1 1 1 0 2 0 0 1 1 1 1 2 0 1 0 0 1 1 1 1 2 1 2 2 1 1 2 1 1 0 1 1 1 1 1 2 1 0 1 0 0 1 1 2 1 1 0 2 0 1 1 1 0 0 0 1 0 1 1 0 1 2 1 2 0 1 0 2 0 0 0 0 1 0 1 0 1 1 1 2 1 2 1 1 0 0 1 0 1 2 1 0 0 1 0 1 1 1 1 0 0 2 0 0 1 0 1 0 0 1 0 1 0 1 0 1 1 1 0 0 0 1 1 1 1 1 2 1 1 1 0 0 0
b01100 2 2 1 0 0 0 1 2 0 0 1 1 1 1 0 1 1 0 1 1 1 1 0 1 2 2 0 2 1 1 0 1 1 1 1 1 0 1 1 0 0 0 0 0 2 1 0 0 0 0 1 1 0 0 0 0 1 0 0 1 1 1 1 1 1 1 1 1 1 1 1 1 0 0 2 2 1 1 2 1 0 0 1 0 1 2 1 2 0 2 2 1 1 2 1 1 0 0 1 1 0 1 2 2 1 1 1 0 1 2 2 2 1 0 1 0 1 1 1 0 0 0 1 0 1 1 0 1 1 1 2 0 1 0 2 1 0 0 0 2 0 2 0 1 1 0 1 1 2 1 1 0 0 1 0 2 1 1 1 1 0 0 2 0 0 2 0 1 1 0 0 1 1 1 0 0 1 0 1 0 1 2 1 1 1 0 0 0 1 1 0 1 2 0 1 1 0 0 0 1
b01101 1 0 0 0 1 1 1 2 0 0 2 1 0 1 1 1 1 0 1 1 0 2 -9 1 1 2 1 2 1 0 1 2 1 1 1 1 -9 1 2 0 2 0 0 1 1 1 1 0 2 0 0 1 1 0 1 0 0 0 0 0 1 1 1 0 0 1 1 1 0 1 1 2 1 1 2 1 0 2 1 2 2 0 0 1 0 0 1 1 0 1 1 1 2 1 1 2 0 0 2 1 1 1 2 1 1 2 1 0 1 1 0 1 0 1 2 1 0 2 0 1 1 0 1 2 0 1 2 1 1 1 1 0 2 0 2 1 1 1 1 1 0 1 0 0 0 2 1 0 1 0 0 0 1 1 1 1 1 0 1 0 0 0 0 0 1 1 0 0 0 0 0 2 0 1 1 0 1 1 1 0 1 1 0 1 0 1 0 0 1 1 0 1 1 1 1 2 0 1 1 1
b01102 1 0 1 0 1 0 0 1 0 0 1 0 2 2 1 1 1 0 1 1 0 2 0 2 1 0 1 1 1 1 0 1 1 1 0 -9 0 1 1 0 2 2 1 1 1 1 1 1 1 0 1 1 0 1 0 0 0 0 1 1 1 2 1 -9 0 1 1 0 0 1 2 2 2 0 2 1 1 2 2 1 0 1 0 1 2 1 0 1 0 2 1 1 2 1 1 2 0 1 0 0 1 1 1 1 0 1 1 2 1 2 0 1 0 1 1 1 0 2 0 0 1 0 1 1 1 1 1 0 1 1 1 0 2 1 1 0 1 1 1 2 0 1 0 1 0 0 1 0 1 2 0 1 1 1 0 1 1 1 0 0 0 1 1 0 1 0 1 0 1 0 1 2 1 1 0 0 0 1 1 0 2 1 0 0 0 1 0 0 1 1 0 1 0 1 1 1 0 1 0 2
a01103 2 0 1 0 1 0 0 1 0 0 1 0 1 1 1 2 0 0 1 1 0 2 1 1 0 0 1 1 0 0 0 2 1 1 0 1 0 1 2 0 1 2 0 1 1 1 1 0 1 1 1 1 0 1 1 0 0 0 0 1 1 0 0 1 1 0 2 1 0 1 2 2 0 1 2 1 0 1 2 2 1 1 1 0 1 2 1 1 0 2 0 0 2 1 1 2 0 1 0 1 0 1 2 1 1 0 0 0 1 1 0 1 0 1 2 0 0 2 1 -9 1 0 1 1 0 1 0 0 1 1 1 0 2 1 1 1 0 0 2 0 0 1 0 1 0 0 2 0 1 0 0 2 2 1 0 0 0 1 1 0 1 0 1 0 1 0 0 0 1 0 2 2 1 2 2 1 1 1 1 0 1 1 0 0 0 0 0 0 2 0 0 1 0 1 1 1 0 0 0 1
b01104 1 2 0 0 1 0 1 2 1 0 2 2 1 1 0 2 0 0 1 1 0 2 1 1 0 2 1 1 0 0 1 2 2 1 1 1 0 1 1 0 1 0 1 1 1 1 2 0 1 1 0 1 0 1 0 0 0 0 1 1 1 0 0 1 0 2 2 0 0 1 1 2 1 1 1 1 1 1 1 1 1 1 1 0 0 2 1 1 0 1 0 1 2 2 1 2 0 0 1 1 0 1 2 1 0 0 0 0 1 2 0 1 0 0 -9 0 0 2 0 0 1 0 1 1 1 1 1 1 1 1 1 0 2 0 2 0 1 1 1 2 0 1 0 1 0 1 1 1 1 2 0 2 2 1 1 1 1 1 1 0 0 0 1 0 1 1 1 0 0 0 2 1 0 1 0 0 2 0 1 0 2 1 0 1 0 0 0 0 1 0 0 1 0 1 1 2 0 1 0 1
a01105 0 0 1 1 1 1 1 1 1 2 2 1 2 0 1 1 0 1 1 1 0 1 0 1 1 2 0 0 1 0 1 0 0 0 1 2 1 1 1 1 1 1 1 1 2 0 2 0 1 1 2 0 1 0 0 0 0 0 0 2 1 0 1 0 1 1 0 0 0 1 2 1 0 2 -9 1 0 2 1 1 0 1 1 0 1 2 1 2 1 1 -9 1 1 1 1 1 1 0 2 0 0 1 1 1 2 1 1 2 2 2 2 0 0 0 0 1 0 0 1 1 1 0 2 2 1 1 0 1 0 1 0 0 1 1 1 0 1 1 0 1 1 0 1 0 0 0 1 0 1 1 0 0 0 0 1 2 0 0 0 0 1 2 1 0 1 2 2 0 1 0 1 1 2 0 1 1 0 0 0 1 1 0 1 1 0 0 1 1 1 1 2 1 1 1 1 1 1 1 0 2
b01106 0 0 2 1 1 2 0 1 0 1 2 1 2 0 1 0 0 1 0 1 1 1 0 1 1 2 0 1 1 0 1 0 1 2 1 1 0 0 0 1 0 1 0 1 2 0 0 1 1 1 1 1 1 0 1 0 0 0 0 2 1 1 2 0 1 1 0 1 0 0 1 1 0 1 2 1 1 1 1 2 1 0 1 0 1 2 1 0 2 1 1 1 1 1 1 2 0 1 1 0 1 0 0 1 1 1 1 1 2 2 2 0 0 1 1 1 0 0 1 1 1 1 1 1 0 0 1 2 0 1 0 0 1 0 1 1 1 0 0 2 0 0 2 2 1 0 1 1 -9 1 1 0 0 1 1 1 0 2 0 0 1 1 1 1 1 0 2 1 2 0 0 2 2 1 2 1 0 0 2 1 1 0 0 1 0 0 0 1 1 2 1 1 2 1 1 1 1 0 0 2
b01107 0 0 2 1 1 2 0 0 2 0 2 1 2 0 0 1 0 1 0 0 1 1 0 1 1 2 0 1 1 1 1 0 1 1 1 1 1 1 0 1 0 1 1 0 1 0 0 0 1 2 1 0 1 1 1 0 0 0 0 2 0 1 0 0 2 1 0 1 0 0 2 1 0 1 1 1 0 2 1 1 1 0 2 1 1 1 1 0 1 1 1 2 2 1 1 1 1 1 1 0 2 1 1 1 1 1 1 1 2 2 2 0 0 1 0 1 0 1 1 0 1 2 -9 1 0 0 1 2 1 1 -9 1 1 0 1 1 1 0 0 1 1 0 1 2 1 0 1 0 1 0 1 -9 0 1 2 2 0 0 0 0 2 1 1 1 0 1 1 0 1 0 1 1 2 1 2 0 2 0 0 1 1 0 1 1 0 0 0 1 0 2 0 1 1 1 1 0 0 1 0 1
b01109 1 0 1 0 1 0 1 0 1 0 0 1 0 0 1 1 0 1 2 0 1 1 0 1 1 1 1 0 0 1 2 0 1 1 0 1 0 0 1 1 2 0 1 -9 1 1 0 0 0 2 1 1 0 2 0 2 0 1 1 2 2 1 0 0 1 0 0 1 1 0 0 0 2 0 1 1 0 2 0 1 1 1 0 2 0 1 1 0 0 1 0 2 0 1 1 2 1 1 1 1 1 0 0 1 1 0 1 0 1 0 0 1 0 1 2 2 0 1 0 1 2 0 0 1 2 1 1 0 1 1 1 1 0 0 1 1 1 0 1 0 1 0 0 1 1 1 1 2 1 0 1 0 2 2 0 2 0 0 1 1 0 1 1 1 2 0 0 1 1 0 0 0 2 1 1 0 0 0 0 0 0 0 1 0 0 1 2 0 1 2 1 1 1 0 2 -9 0 1 2 0
a01110 1 0 2 0 1 0 1 0 0 0 0 0 1 1 2 1 0 1 1 0 0 1 2 1 1 1 1 0 1 0 2 0 1 1 1 1 0 1 1 2 2 0 1 0 2 0 1 1 1 2 0 1 0 2 0 1 1 1 1 2 1 1 0 0 1 0 0 1 1 0 0 1 1 0 2 0 1 2 0 2 0 1 0 2 0 2 1 1 0 1 0 1 1 2 2 1 1 2 1 1 2 0 0 2 2 2 1 0 1 0 1 0 1 0 2 2 1 0 1 0 2 1 1 1 2 0 1 0 1 1 1 2 2 0 1 1 1 1 1 0 1 0 0 2 0 1 1 2 1 0 1 0 1 0 0 1 1 1 1 1 0 1 1 1 2 0 0 1 1 0 0 0 2 1 1 0 0 1 0 1 1 0 1 0 1 1 2 2 0 2 2 0 1 1 1 0 0 1 2 0
a01111 1 0 2 0 1 0 2 0 0 0 0 1 1 1 1 1 0 1 1 0 1 1 0 0 2 1 1 0 1 0 1 0 1 1 0 1 0 1 2 1 2 0 1 0 1 0 0 2 1 2 1 1 0 2 0 1 1 1 1 2 2 0 0 0 0 0 0 0 2 0 1 0 1 0 2 2 1 1 0 1 1 1 0 2 0 1 0 1 0 1 0 2 0 1 2 2 0 1 0 1 0 0 0 1 2 1 1 0 1 0 1 0 0 1 2 2 0 1 2 1 1 1 1 2 2 1 0 0 1 1 1 0 1 0 1 0 1 0 1 0 1 0 0 1 0 1 0 1 2 0 1 0 1 1 2 1 0 1 1 -9 0 1 1 0 0 0 0 0 1 0 0 0 0 2 0 1 0 0 1 1 0 1 1 1 1 1 2 1 0 2 1 1 1 0 2 0 1 0 2 0
a01112 1 0 2 1 1 0 1 0 1 0 0 0 0 1 2 1 -9 0 1 0 0 1 1 2 1 1 2 0 0 2 2 0 0 1 0 1 0 1 1 0 2 0 1 1 1 1 1 0 1 2 1 0 0 2 0 1 1 1 1 2 2 1 0 1 1 0 0 1 1 0 1 0 2 0 2 1 0 2 1 1 1 1 1 2 0 1 1 1 0 1 0 1 0 2 1 1 0 0 1 1 1 0 1 2 1 2 1 0 1 0 1 1 1 1 2 2 1 1 1 1 1 1 1 1 2 1 1 0 1 1 1 2 2 0 1 0 1 0 1 0 2 1 0 2 1 1 1 1 2 1 1 0 1 1 1 1 0 1 1 0 0 2 1 0 0 1 0 2 0 0 0 0 1 1 0 1 0 1 1 0 1 0 1 1 0 1 2 1 0 2 2 0 1 1 2 0 0 1 2 1
a01113 0 0 1 0 0 0 0 0 1 1 1 1 0 1 2 1 0 0 2 0 1 1 1 1 1 0 1 0 0 1 1 0 0 0 2 2 0 0 1 1 2 0 1 1 0 0 1 2 2 1 0 2 0 2 0 1 1 1 2 1 2 0 0 1 1 0 0 0 0 0 0 0 1 1 1 1 1 2 1 2 1 2 1 1 0 2 1 0 0 1 0 1 1 1 0 1 1 1 0 1 2 0 2 2 1 1 1 1 1 0 0 0 0 0 1 2 1 1 0 0 2 1 0 2 1 0 0 0 1 1 1 0 2 1 1 1 1 2 1 0 1 1 1 1 1 2 0 1 1 1 1 1 2 1 0 0 2 1 0 1 1 1 2 1 1 1 0 1 1 0 1 1 1 0 0 0 0 1 1 1 0 0 1 0 0 1 1 -9 1 2 1 0 0 1 1 0 1 1 2 1
a01114 0 0 2 0 1 0 0 0 1 1 0 1 1 1 1 1 0 0 1 0 1 1 2 0 1 0 1 1 0 0 1 0 0 0 1 2 0 0 1 1 1 0 1 0 1 1 1 2 2 1 0 2 0 2 0 0 0 2 2 1 2 0 1 1 0 0 0 0 2 0 0 2 1 1 1 1 1 2 1 2 0 2 2 1 1 1 1 1 0 1 1 2 0 1 0 0 0 2 2 1 2 0 1 2 1 1 2 0 0 0 0 0 1 0 2 1 0 0 1 1 1 1 1 1 2 1 1 0 1 1 1 0 1 1 1 0 1 2 1 0 0 1 0 1 1 2 1 1 2 1 1 1 0 0 1 0 2 1 0 0 1 0 2 2 1 0 0 2 1 0 1 1 1 0 0 0 0 2 1 1 2 0 1 0 0 0 1 1 0 2 2 1 0 0 0 0 1 1 2 1
b01115 0 0 1 1 0 0 0 0 0 1 0 1 0 1 1 2 0 1 2 0 2 1 1 0 0 0 1 0 0 1 2 0 0 0 1 1 0 0 2 1 2 0 0 1 2 0 1 2 2 1 0 0 0 2 0 0 0 1 2 1 2 0 0 1 1 1 0 0 1 0 1 0 1 -9 2 0 1 1 1 1 0 2 1 1 1 1 0 0 0 2 1 1 2 1 0 2 0 0 2 1 2 0 2 2 1 1 1 0 0 1 1 0 0 0 2 1 1 1 1 0 2 1 1 1 1 0 0 0 1 1 1 0 1 1 1 2 1 1 1 0 1 1 1 1 1 2 0 1 2 0 0 1 0 1 2 1 1 1 0 0 1 2 2 0 2 1 0 1 1 0 0 1 2 1 0 0 0 1 0 0 0 1 1 0 0 0 2 2 0 2 1 0 0 1 1 0 2 1 1 1
a01116 0 0 2 1 1 1 0 1 0 0 0 1 0 1 2 2 0 1 2 0 2 2 2 1 1 1 1 0 0 0 2 0 0 0 2 1 0 2 2 1 1 0 1 0 0 2 1 1 1 1 0 0 0 2 0 1 1 2 2 1 2 0 0 0 0 1 0 0 1 0 1 0 1 1 2 1 1 2 0 1 2 2 1 1 0 2 0 1 0 2 1 1 1 0 0 2 2 0 0 1 1 0 2 2 1 1 1 1 0 1 1 0 1 0 1 1 0 0 0 0 1 0 1 0 2 1 1 1 1 1 1 1 0 0 1 1 1 1 1 0 1 1 0 0 1 2 0 1 1 0 0 1 2 0 0 0 2 1 0 0 1 2 2 2 2 0 0 2 0 1 2 1 1 1 1 0 0 2 1 0 0 0 1 0 1 1 0 0 1 2 1 0 0 1 0 0 1 1 2 1
a01117 0 1 1 0 0 2 1 1 1 1 1 2 2 1 0 0 1 1 1 0 0 1 0 1 2 0 1 1 2 1 0 1 1 0 0 1 1 1 2 2 1 0 1 1 2 0 0 0 1 0 1 1 0 1 1 1 1 0 2 2 2 0 1 2 1 0 0 0 2 1 0 2 1 1 1 0 0 1 2 1 1 1 1 2 1 1 0 2 1 1 0 1 1 0 0 1 0 0 2 1 1 1 0 2 2 1 0 1 1 1 2 1 2 1 1 1 0 0 2 0 1 0 1 0 0 0 1 1 1 1 2 1 1 0 2 1 0 1 1 1 0 1 0 0 2 2 0 2 1 2 0 1 1 1 2 0 0 0 0 0 0 1 0 0 0 1 1 0 2 1 0 0 2 0 2 0 1 0 1 1 0 2 0 1 -9 0 1 2 2 0 1 0 0 0 2 1 2 0 0 1
a01118 0 1 0 0 0 2 0 0 0 1 1 1 1 0 0 0 1 0 1 0 0 1 0 1 2 0 1 1 1 1 0 1 0 2 1 1 1 1 2 2 2 0 0 0 2 1 0 0 1 0 0 0 1 1 0 1 1 0 1 1 1 1 1 2 0 2 0 1 1 0 0 0 0 1 0 1 0 0 2 1 0 1 0 2 0 2 0 2 1 1 0 1 1 0 0 2 1 0 2 1 1 2 0 1 2 0 0 1 1 1 2 0 1 1 1 0 1 0 2 2 0 0 1 0 1 0 0 1 1 1 1 1 1 0 2 1 1 2 1 1 0 2 0 0 2 2 0 1 0 1 0 2 1 1 2 0 1 1 0 0 0 2 0 0 1 1 2 0 1 0 0 0 1 0 2 0 1 1 1 1 1 0 1 2 0 0 1 2 2 1 1 1 0 1 1 1 2 1 0 1
b01119 0 0 0 0 0 1 0 0 0 1 0 0 0 0 0 1 1 1 1 0 0 1 0 1 2 0 1 1 1 1 0 2 0 2 0 0 1 1 2 2 1 0 0 1 2 1 0 0 1 0 1 1 1 1 0 1 1 0 1 2 2 0 1 1 1 1 0 1 2 0 0 1 0 1 1 1 0 2 1 0 0 1 0 2 0 1 0 2 0 1 0 0 1 0 0 1 0 1 2 1 1 1 0 0 0 1 0 0 1 1 1 0 2 1 1 0 0 0 2 2 0 1 1 0 0 1 0 2 1 1 2 0 1 0 2 1 0 1 1 1 1 1 0 0 2 1 0 2 1 1 0 2 2 1 2 0 2 1 0 1 2 2 0 0 0 1 1 0 1 0 0 0 1 0 2 1 1 0 0 1 0 0 0 2 1 1 1 1 2 0 1 1 1 1 1 1 1 1 0 1
b01120 0 0 1 0 0 1 0 0 1 1 0 2 0 1 0 1 1 0 1 0 0 1 0 1 1 0 1 1 2 1 0 1 0 1 0 0 1 1 2 2 0 0 0 0 2 0 0 0 1 0 0 0 1 1 0 1 1 0 1 1 1 1 1 1 0 1 0 1 1 1 0 1 0 1 0 0 0 2 2 1 1 1 1 2 2 2 0 2 1 1 0 0 1 0 1 2 1 0 2 1 1 2 0 1 1 2 1 1 2 1 1 1 0 1 1 1 0 0 2 0 1 1 1 1 2 0 1 0 1 1 1 0 0 1 2 1 1 1 1 1 1 0 0 0 2 0 0 2 1 2 0 1 2 0 2 0 2 1 0 1 1 1 0 0 1 1 1 0 2 0 1 0 1 0 2 1 1 1 0 0 1 0 1 1 1 0 1 2 2 0 1 0 1 0 2 2 1 0 0 0
b01121 1 1 2 0 1 0 0 0 0 1 1 0 2 0 1 0 0 0 1 1 0 -9 1 1 0 0 0 0 0 2 0 1 1 1 0 0 1 0 2 0 0 1 0 1 1 1 1 2 0 0 2 2 1 0 1 1 2 1 1 2 0 0 0 2 1 0 1 2 0 2 0 1 2 1 0 0 0 2 0 2 0 2 0 0 1 0 1 1 1 0 2 2 0 1 2 1 0 1 2 2 1 0 1 1 0 1 1 1 1 1 1 1 1 1 0 0 0 1 2 0 0 1 0 1 2 1 1 0 1 1 2 1 0 0 1 1 0 1 0 0 1 1 0 0 1 1 1 2 0 1 2 1 1 2 0 0 0 2 1 1 0 0 1 1 0 0 1 2 0 1 1 1 1 1 1 0 0 0 1 1 1 1 1 1 1 1 1 1 0 2 0 2 1 0 1 1 1 1 2 1
a01122 1 0 2 0 2 0 2 2 0 2 0 0 1 0 1 0 0 0 0 1 0 0 1 1 0 1 0 1 0 1 1 1 1 2 1 0 1 0 1 1 0 0 0 2 1 1 1 1 1 1 2 2 2 0 0 1 1 0 1 2 1 1 0 2 2 2 1 0 1 2 1 1 1 2 2 0 0 0 0 2 1 1 0 1 1 0 1 1 0 2 1 1 0 1 2 0 0 1 1 1 2 1 1 2 0 1 1 1 1 1 1 0 1 0 2 0 0 1 1 1 0 1 2 1 2 0 1 0 1 1 2 1 1 0 2 2 1 0 0 1 1 1 0 0 1 1 1 2 1 1 1 1 1 1 0 0 2 2 1 1 0 1 0 1 1 0 1 2 1 1 1 1 0 1 1 0 0 1 0 1 0 0 0 1 1 1 1 0 1 2 0 1 0 1 1 1 0 1 1 1
a01123 1 1 2 1 1 0 1 0 0 1 0 0 1 0 1 0 1 0 1 1 0 1 1 1 0 1 1 1 0 1 0 1 1 2 1 0 1 0 0 0 0 2 0 2 1 1 1 1 0 0 2 2 2 0 0 1 1 0 1 2 1 1 0 1 2 1 1 1 0 2 0 1 1 2 2 0 0 1 0 2 0 0 0 0 0 0 2 1 0 1 1 0 0 1 1 0 0 2 1 2 1 1 1 1 1 1 0 1 1 1 1 1 1 1 2 1 0 0 2 1 0 1 2 1 2 1 1 0 1 1 1 0 1 0 1 1 1 0 0 1 0 1 0 0 1 1 1 1 0 1 0 1 1 2 0 0 2 1 2 1 1 0 1 1 0 0 1 2 1 1 1 1 0 1 1 1 0 1 1 1 0 1 0 1 1 0 1 0 0 1 0 1 1 0 1 1 1 1 1 1
b01124 2 0 2 1 1 0 1 1 0 2 1 0 1 0 1 0 1 0 1 1 0 1 1 2 0 1 1 1 0 1 0 1 2 2 0 0 1 0 1 0 0 2 0 1 0 1 1 1 0 1 1 2 1 0 0 1 1 0 1 2 1 1 0 1 0 1 1 2 0 0 0 1 2 2 0 1 0 1 0 2 1 1 0 1 1 0 1 1 0 0 1 1 0 1 1 1 0 2 2 2 2 1 1 1 1 1 0 0 1 2 2 0 1 0 1 1 0 1 2 0 1 1 0 1 2 0 1 1 0 1 0 0 1 0 1 1 1 0 0 0 1 0 0 1 0 0 1 1 0 1 0 1 1 2 0 0 1 2 1 1 1 1 1 1 2 0 1 1 0 0 1 1 1 2 1 0 1 0 0 1 0 1 1 0 1 1 1 0 0 1 0 1 1 1 1 1 0 1 2 0
b01125 1 1 1 0 0 2 1 0 0 1 1 1 2 1 1 0 1 1 1 1 1 1 1 1 1 0 1 1 2 2 1 1 1 1 0 1 0 1 2 2 1 0 0 0 2 1 1 1 2 1 0 0 0 1 0 0 1 0 0 1 0 0 1 1 1 1 1 1 0 0 2 1 1 1 1 0 1 0 1 0 0 0 0 1 2 1 0 1 1 1 0 0 1 1 0 0 1 0 1 1 0 1 0 0 1 1 0 1 0 0 2 1 2 0 0 0 0 0 2 1 1 0 0 1 1 2 1 2 1 1 2 0 0 1 1 1 1 0 1 1 0 1 0 1 2 1 1 0 0 1 1 0 0 0 1 0 1 0 0 0 1 2 0 0 1 1 1 1 1 0 1 1 0 0 2 0 1 1 0 0 2 0 0 1 2 2 0 1 0 0 0 0 0 0 2 0 1 1 0 0
a01126 0 1 0 0 0 1 0 0 0 1 2 1 1 1 2 0 0 0 0 1 1 0 1 1 1 0 1 1 2 1 1 1 1 0 1 0 0 1 1 2 1 0 0 1 1 1 1 1 1 1 0 0 0 1 1 0 1 0 0 1 1 1 1 1 1 1 1 1 1 0 0 1 1 2 1 1 1 1 1 0 0 0 1 1 1 1 1 1 0 -9 0 0 0 1 1 1 0 0 1 0 1 1 0 1 1 1 0 0 1 0 2 1 1 1 1 2 0 0 2 1 1 0 0 1 1 1 1 1 0 1 1 1 0 1 1 1 1 1 1 2 0 2 1 1 2 0 1 0 1 0 0 0 0 0 1 0 1 1 0 0 1 2 0 0 0 1 2 1 1 0 0 1 1 0 1 1 0 1 0 1 2 1 1 2 2 1 0 1 1 0 0 0 0 0 2 1 0 1 1 0
b01127 0 1 0 0 1 2 1 0 1 1 2 1 1 1 1 1 0 1 0 0 0 0 1 1 1 0 1 1 1 1 1 1 1 1 1 1 1 1 2 1 1 0 0 0 1 0 1 1 2 1 0 1 0 1 0 0 1 1 0 1 1 1 1 1 0 0 0 0 0 0 1 0 2 0 1 0 2 1 1 1 0 0 0 2 1 1 0 1 1 0 0 0 1 1 2 0 2 0 1 1 1 1 0 0 2 0 1 0 1 0 2 1 2 0 1 0 1 0 2 1 1 0 0 0 1 1 2 1 1 1 2 1 0 0 1 1 0 1 1 1 0 1 0 0 2 0 1 0 0 1 0 1 1 0 1 0 1 1 0 0 0 2 0 0 0 1 1 1 1 0 1 1 1 0 2 2 1 1 1 1 2 1 1 0 0 2 0 1 0 0 1 0 0 0 2 1 1 1 0 2
a01128 0 1 0 1 1 0 0 0 0 1 2 2 0 1 1 1 0 1 1 1 1 0 1 1 1 0 1 1 2 2 1 1 0 0 1 1 0 1 2 2 1 0 0 0 1 1 0 1 2 1 0 1 0 1 0 0 1 1 0 1 0 0 1 1 1 0 1 1 1 0 1 1 1 0 1 0 1 1 1 0 1 0 1 1 2 1 0 1 1 1 1 0 1 0 1 1 1 0 1 0 1 0 0 0 1 0 1 0 0 0 1 2 2 1 1 1 0 0 2 0 0 0 1 0 1 1 2 0 1 1 2 1 0 0 1 1 0 1 0 2 1 0 0 1 2 0 1 1 1 0 0 1 1 0 1 0 1 1 0 0 1 1 0 0 1 1 0 1 1 0 0 1 0 0 1 0 1 0 1 0 1 1 0 2 1 1 0 2 1 0 1 0 0 0 2 0 0 1 1 1
a01129 1 1 1 1 2 0 1 1 0 2 1 0 0 1 1 1 0 0 0 2 1 1 2 0 0 1 1 1 1 1 2 1 1 0 1 0 1 0 2 1 1 1 0 1 2 1 1 1 2 0 1 1 0 1 1 1 0 1 0 2 1 0 0 1 0 0 0 1 0 0 1 1 2 2 2 1 1 2 0 0 1 0 1 2 0 2 0 1 0 2 1 2 0 1 0 0 0 1 0 1 1 1 1 1 0 1 1 0 1 1 1 0 0 0 2 0 0 1 2 1 0 0 1 0 1 1 0 1 1 0 0 0 1 1 1 1 1 2 0 2 0 1 0 1 2 1 2 0 1 2 0 0 0 2 0 0 1 0 2 0 1 2 1 1 0 0 1 1 0 1 0 1 1 0 1 0 2 0 0 0 2 2 0 0 1 1 1 0 2 1 1 1 1 0 1 1 1 1 0 1
a01130 1 0 1 1 1 1 1 1 0 2 0 0 0 1 2 1 0 2 0 1 1 1 2 0 1 1 0 1 1 1 1 0 1 0 0 0 0 1 1 1 1 1 1 2 2 1 1 2 2 0 1 2 0 1 1 1 0 0 0 2 0 0 0 0 0 1 1 0 1 0 1 0 2 0 2 1 0 2 0 0 0 1 1 1 0 1 0 1 1 2 1 2 0 1 0 1 1 1 2 1 1 0 0 0 0 1 1 0 0 1 1 0 1 0 2 0 0 1 1 1 1 0 1 0 1 0 0 2 0 0 0 1 0 1 1 0 0 1 0 2 1 1 0 1 1 1 2 0 1 1 0 1 1 2 0 0 1 0 2 0 1 1 1 0 0 1 1 1 0 1 0 1 1 0 1 1 2 1 1 1 2 2 0 0 1 1 1 0 0 1 0 1 1 1 1 1 1 2 0 2
a01131 1 1 2 0 2 0 0 0 1 2 0 0 1 1 1 1 0 0 0 2 1 1 2 0 1 1 1 0 1 1 1 1 0 0 1 1 0 1 2 1 1 0 0 0 1 0 2 1 2 0 1 0 0 1 1 1 0 0 1 2 0 1 0 0 1 0 0 0 1 0 1 0 2 1 2 0 1 2 0 0 0 0 1 1 0 1 0 2 2 1 1 2 0 0 0 1 1 0 2 1 1 2 1 1 1 1 1 0 0 1 0 0 0 1 2 0 0 2 0 1 0 0 1 1 1 1 1 2 1 0 1 1 1 0 1 1 0 1 0 2 2 1 0 2 2 1 2 0 1 1 0 1 1 1 0 0 2 1 1 0 0 1 2 0 0 1 1 1 0 1 0 0 1 1 1 0 2 0 1 1 1 1 1 1 1 1 2 1 1 1 2 1 1 0 1 2 0 2 0 2
a01132 1 0 0 1 1 0 1 0 1 2 2 0 0 1 2 1 0 1 0 1 1 1 1 0 1 1 1 2 1 0 1 0 0 0 0 0 1 0 2 2 0 1 0 1 2 0 1 2 1 0 0 1 0 1 1 2 0 1 0 2 0 1 0 2 1 0 0 1 0 0 1 0 1 1 2 1 0 2 0 0 0 0 1 2 0 1 0 2 1 1 1 2 0 0 0 2 2 2 1 1 1 1 0 1 1 1 1 0 1 0 0 1 1 0 2 0 0 1 2 1 1 0 1 1 1 1 1 1 1 0 1 1 0 2 1 1 1 2 0 2 2 1 0 2 1 1 2 0 1 2 1 0 1 2 0 0 1 0 0 1 1 2 2 0 0 0 1 0 0 1 0 1 1 1 1 1 2 1 1 0 -9 1 0 1 1 0 1 1 0 1 2 0 0 0 1 1 0 2 0 2
b01133 1 1 1 0 0 1 1 2 1 0 0 1 1 0 1 0 0 0 1 1 0 0 1 0 0 1 1 0 0 1 1 1 1 0 1 1 1 0 1 0 1 0 2 2 1 1 1 0 1 0 1 1 1 0 2 0 1 1 0 1 1 1 0 0 1 0 1 0 1 1 1 2 0 2 2 2 0 1 0 1 1 0 1 0 1 1 1 0 2 2 1 2 2 1 1 1 0 0 0 0 2 1 1 1 2 2 2 0 0 1 1 0 2 2 0 0 0 1 1 0 1 2 0 0 1 0 0 0 1 0 2 2 0 1 0 1 2 0 2 2 0 2 1 1 1 1 1 2 2 1 0 0 1 0 1 1 1 1 2 0 0 1 2 1 0 0 1 1 2 2 1 1 1 1 1 0 1 0 1 0 2 1 1 1 1 1 1 -9 0 2 0 1 0 1 1 1 1 2 0 0
b01134 2 0 1 0 0 1 1 2 1 0 1 1 1 0 1 0 0 0 1 1 0 0 1 1 0 2 1 0 0 1 1 1 1 1 1 2 1 1 1 1 1 0 1 2 1 0 2 0 2 0 1 0 2 1 1 0 0 1 1 2 1 0 0 0 2 0 1 0 0 0 1 1 0 1 2 1 0 1 0 1 1 0 1 1 1 1 1 0 2 1 1 2 1 1 1 1 0 1 0 1 2 1 1 2 2 1 1 0 1 1 0 1 2 1 0 0 0 2 1 0 2 2 1 0 2 0 0 0 1 1 1 1 0 1 0 0 2 1 2 2 0 2 1 1 1 0 2 2 1 2 0 0 1 0 1 1 1 0 1 1 2 2 1 1 0 0 1 1 1 1 1 1 1 0 1 1 0 1 1 0 2 0 1 0 1 1 1 1 0 0 0 0 2 1 1 2 1 2 0 0
a01135 2 1 1 0 0 0 0 2 1 1 1 1 1 0 1 0 1 0 1 0 0 0 1 2 2 0 1 0 0 1 0 1 0 1 1 2 1 0 1 2 1 1 1 0 0 1 1 1 1 0 1 1 1 0 2 1 1 1 1 2 0 0 0 1 1 2 1 0 1 0 1 2 0 2 2 0 0 1 0 2 1 1 1 0 1 1 1 0 2 1 1 2 2 1 1 1 0 0 1 1 0 2 0 1 2 1 2 0 1 1 0 1 2 1 0 0 0 2 1 0 2 2 0 1 1 0 1 1 2 1 1 2 0 1 0 1 2 1 1 1 0 1 1 0 1 0 1 1 -9 1 0 1 1 2 0 1 1 1 1 0 2 1 1 0 0 0 1 1 1 1 1 1 1 1 1 1 0 1 1 0 1 1 2 2 1 2 0 1 0 1 1 0 0 1 1 2 0 2 1 0
b01136 2 0 2 0 0 0 1 1 1 0 1 1 1 0 1 0 0 1 1 1 0 1 1 0 0 1 1 0 0 1 2 1 1 0 1 2 1 1 1 0 1 1 1 1 1 1 1 1 1 0 1 0 1 1 2 2 0 1 1 1 1 0 0 1 1 0 0 0 0 1 1 2 0 2 1 1 0 1 0 1 1 1 0 0 2 1 2 0 2 2 1 2 1 1 1 0 0 1 1 0 1 1 0 1 2 0 1 0 1 1 0 0 2 1 0 0 1 1 -9 0 2 2 0 1 2 0 0 0 1 1 2 1 0 1 0 0 2 2 1 2 0 1 1 0 1 0 0 1 2 1 0 1 1 1 0 0 1 2 2 1 1 1 0 0 0 0 1 1 2 2 0 2 0 0 1 0 0 0 1 0 1 1 1 2 1 1 1 2 1 0 1 1 0 0 2 0 1 2 0 0
b01137 1 2 0 1 0 1 1 1 0 0 1 2 1 1 1 1 1 1 1 1 1 2 2 0 0 0 1 0 1 0 2 0 1 0 1 2 1 2 1 2 1 0 1 0 1 1 1 1 1 1 1 0 1 0 1 1 1 1 1 1 0 1 0 0 0 2 1 0 0 0 1 1 1 2 2 -9 1 1 0 0 1 0 1 0 2 1 1 0 2 1 1 1 1 1 0 1 1 0 0 2 0 0 0 1 2 1 1 0 0 1 0 2 2 1 1 0 1 0 2 0 0 0 1 0 2 1 1 1 0 1 2 1 0 2 0 0 2 1 1 2 1 1 2 0 1 0 0 1 1 1 1 0 0 1 0 0 1 1 1 0 0 1 0 1 0 0 1 0 0 1 1 2 0 0 1 1 1 1 0 1 2 1 1 -9 0 2 1 2 0 0 0 0 1 1 0 1 0 2 1 1
b01138 1 1 1 1 0 1 1 1 0 0 1 1 2 1 2 0 1 1 1 0 1 1 2 0 0 0 1 0 1 0 1 0 1 1 1 1 2 1 0 1 2 0 1 1 2 1 1 1 1 1 1 0 0 1 1 0 0 1 0 2 1 1 0 0 1 1 1 1 0 0 1 2 1 1 1 0 1 1 2 1 1 0 1 0 2 1 0 0 2 2 2 1 1 0 0 0 1 0 1 2 1 1 0 1 2 1 1 0 1 1 0 1 2 0 1 1 1 1 1 0 2 0 0 0 1 0 1 1 0 1 0 1 0 2 0 1 2 0 1 2 0 1 2 0 2 0 1 0 1 1 0 0 2 0 0 0 1 0 1 0 2 2 1 1 0 0 1 0 0 0 2 1 0 0 1 1 1 1 0 1 2 1 1 1 1 2 0 2 0 0 1 0 0 0 1 1 0 1 1 1
a01139 1 1 0 0 0 0 0 0 0 0 1 2 2 1 2 0 1 0 1 1 0 1 2 0 1 1 1 0 1 1 2 0 1 1 1 1 1 2 0 1 1 0 1 1 2 0 0 1 2 1 1 0 0 0 1 0 0 0 1 1 1 1 2 0 1 0 1 0 1 0 1 1 1 2 2 0 1 1 0 1 0 0 1 0 2 -9 1 0 1 1 2 1 1 0 0 0 0 0 1 0 1 0 1 1 2 1 1 0 0 1 1 1 2 1 0 0 1 0 2 1 1 0 0 0 0 0 1 0 0 2 2 1 0 2 0 0 1 0 0 2 0 2 1 1 1 0 2 1 1 1 0 0 2 1 1 0 2 1 1 0 1 1 0 0 0 0 1 1 0 -9 1 1 0 0 0 0 0 -9 1 1 2 0 0 1 0 2 1 2 1 0 1 0 1 0 1 1 0 2 1 1
a01140 1 1 0 0 0 0 1 0 0 0 1 1 1 1 1 1 1 1 1 1 1 0 2 1 1 0 1 0 1 0 1 0 1 0 1 1 2 2 1 0 1 0 1 0 1 1 1 1 1 1 1 0 2 1 1 1 0 1 0 1 1 1 0 0 1 0 0 1 0 0 1 1 1 2 2 1 1 2 0 1 1 0 0 1 2 1 1 0 1 1 2 1 1 0 0 0 1 0 0 2 0 0 1 1 2 0 1 0 1 1 0 1 2 0 0 1 0 0 1 0 2 1 0 0 2 0 1 0 1 1 0 1 0 2 0 0 2 1 1 2 0 1 2 1 1 0 2 1 2 2 1 0 1 1 0 0 2 0 1 0 1 1 0 0 0 0 1 1 0 0 1 1 0 0 2 1 0 1 1 1 2 1 0 2 0 2 0 2 1 1 1 0 0 1 2 0 1 1 1 1
a01141 2 1 1 2 0 0 0 0 2 1 1 0 1 1 1 1 0 1 1 0 1 1 1 0 1 1 0 -9 0 0 0 0 0 1 1 0 0 2 0 1 0 0 1 1 0 1 1 2 2 1 0 0 0 2 1 1 1 1 1 0 2 0 1 1 2 1 1 0 2 1 1 1 0 1 1 0 2 1 1 1 0 2 2 1 1 0 1 0 0 1 1 1 2 1 1 1 1 1 1 0 1 0 1 1 0 1 1 1 0 2 1 0 0 1 0 0 0 1 1 2 2 2 1 1 1 1 1 1 0 2 2 0 1 0 1 2 0 1 0 0 0 2 1 1 1 1 0 0 1 1 1 1 1 1 2 0 1 1 0 1 1 1 2 1 2 2 0 2 1 0 0 2 1 0 0 0 1 2 0 1 0 0 1 1 0 1 1 1 2 2 0 0 0 0 0 0 1 2 2 0
a01142 0 1 1 1 0 1 0 0 1 0 0 0 1 2 1 1 1 1 1 0 1 1 2 0 1 1 1 1 0 0 0 0 0 1 1 1 0 1 0 2 2 0 0 2 1 1 1 1 2 0 0 2 0 1 1 1 0 0 1 1 2 0 1 1 0 1 1 1 1 1 1 0 0 1 1 0 2 1 1 2 0 2 1 0 1 1 2 1 0 1 1 2 2 0 1 1 1 1 2 1 2 0 1 1 0 1 0 0 0 1 1 1 0 1 0 0 1 2 1 2 2 0 1 0 2 1 1 1 0 2 2 0 1 0 2 2 1 1 0 0 0 2 0 1 1 1 0 0 2 0 1 1 0 1 1 0 1 1 0 0 1 1 1 0 2 2 0 2 0 0 0 1 1 1 1 0 1 1 0 0 0 1 1 0 0 0 2 2 1 2 2 0 1 1 0 0 1 2 1 0
a01143 2 0 1 1 0 1 1 0 2 0 0 0 -9 2 2 0 1 1 2 0 2 1 1 0 1 1 1 2 0 0 0 0 0 1 2 0 0 0 1 1 0 0 1 2 1 2 1 1 2 1 0 0 0 1 1 0 1 1 1 0 2 0 1 1 1 0 1 1 1 0 0 1 0 2 0 0 2 0 0 2 0 2 1 0 0 0 1 -9 0 2 0 2 1 1 1 1 1 1 1 1 2 0 1 1 0 1 1 0 0 2 1 0 0 1 1 0 0 1 1 2 1 0 0 1 1 1 1 0 1 2 2 0 2 1 1 0 1 1 0 0 0 2 1 1 1 2 0 0 2 0 1 1 0 1 2 0 1 2 0 0 1 2 2 1 1 2 0 2 0 0 0 1 1 1 0 0 0 2 0 0 0 0 1 0 -9 1 1 2 0 1 1 1 0 1 0 0 1 2 1 0
b01145 1 1 1 1 1 2 2 1 0 1 -9 0 1 2 1 1 1 0 1 2 1 1 1 0 1 1 1 1 1 1 2 0 0 0 2 1 1 1 1 0 0 1 1 0 0 1 1 1 1 0 2 1 0 0 1 1 0 0 0 0 0 0 1 2 1 1 1 2 2 1 2 1 1 1 1 0 1 0 0 1 1 0 0 1 0 1 0 1 1 1 0 2 1 1 1 1 2 1 1 0 1 1 2 0 1 1 1 0 0 0 0 1 1 1 2 0 1 0 0 0 1 0 0 1 1 0 1 2 1 2 2 1 0 1 2 1 2 2 1 2 1 1 0 0 1 2 2 0 1 1 0 1 0 0 0 1 2 2 2 0 0 1 0 0 0 0 0 1 0 1 1 1 1 0 1 1 1 0 1 0 1 0 1 0 1 0 1 2 1 0 1 1 1 0 2 1 0 1 1 0
b01146 1 0 1 0 2 1 1 0 0 1 2 0 1 2 2 1 1 2 1 2 1 1 0 0 1 1 0 0 1 2 2 0 0 0 0 1 1 0 1 0 1 1 1 0 2 0 1 1 2 0 2 1 0 0 1 1 1 0 0 1 1 0 1 1 1 1 1 1 1 1 2 2 1 1 1 1 1 1 0 1 1 0 0 1 0 1 1 1 2 1 0 2 1 1 1 0 2 1 1 1 0 0 1 1 2 2 2 0 0 0 1 1 1 0 2 0 1 2 1 1 2 0 0 1 2 0 0 2 0 0 2 1 0 1 1 0 2 0 1 2 1 1 0 0 -9 2 1 1 1 1 0 1 0 1 0 1 2 1 1 0 0 1 1 0 0 1 0 0 1 1 0 1 1 1 0 1 1 1 1 0 2 0 1 0 1 1 2 2 1 0 1 1 0 0 2 0 2 1 1 2
b01147 1 1 0 0 2 0 1 0 0 1 1 0 0 2 1 1 1 1 1 2 1 1 1 1 0 1 1 0 1 1 1 1 0 0 2 0 1 1 1 0 0 1 1 1 1 1 2 1 1 0 1 1 1 0 0 1 0 1 0 1 1 1 1 1 1 2 1 2 2 1 1 1 0 0 2 1 2 0 0 0 0 0 0 1 0 1 0 1 1 1 0 2 0 1 1 2 2 1 1 0 0 2 0 0 1 1 2 0 1 0 1 1 1 1 2 0 1 1 1 0 1 0 0 1 1 1 2 2 0 0 2 0 0 1 1 0 2 2 1 2 0 1 1 0 1 1 2 1 1 0 1 0 0 2 0 1 2 2 0 1 1 1 0 0 1 0 0 1 1 1 0 1 1 1 0 1 1 1 1 0 0 1 0 0 1 1 1 1 1 0 0 0 0 0 2 0 2 0 1 0
b01149 1 2 0 1 1 2 1 0 1 1 0 0 1 2 1 1 0 2 1 1 0 1 1 1 1 0 1 0 1 1 1 0 1 2 1 1 0 1 1 2 0 0 0 2 2 0 2 1 2 1 -9 1 1 1 2 1 1 1 2 0 0 1 0 0 1 1 1 0 0 0 2 0 1 1 1 0 2 1 1 0 0 1 1 1 2 0 0 0 0 0 1 0 1 1 1 0 1 2 2 0 0 0 0 2 2 1 0 0 1 0 0 1 1 1 0 0 0 2 2 0 0 2 1 1 2 0 1 1 1 1 1 0 1 0 0 1 0 1 1 0 1 1 1 1 0 0 2 1 1 2 1 1 0 1 1 1 1 1 1 1 0 0 0 0 0 0 0 1 0 2 1 2 0 1 1 0 1 0 1 0 1 1 0 1 2 0 1 1 1 1 1 1 1 2 0 2 0 1 0 0
a01150 0 2 0 0 1 2 0 1 1 1 0 0 1 2 2 1 0 1 1 1 0 1 2 1 1 0 0 0 1 2 1 0 1 1 1 1 0 1 1 0 0 2 1 2 1 1 2 2 2 1 1 1 1 1 2 1 1 0 2 1 1 1 0 2 0 0 1 0 0 0 2 0 1 0 1 0 1 1 0 1 0 1 1 1 1 0 0 1 0 1 2 0 0 1 2 1 1 1 2 0 1 1 1 2 1 1 0 2 1 1 0 0 1 1 0 1 0 2 1 0 0 2 1 2 1 0 1 1 0 0 1 0 0 0 0 1 0 0 1 0 0 0 1 1 0 0 0 0 1 2 0 2 0 1 1 1 0 1 0 1 1 0 0 0 2 1 1 0 0 2 1 2 0 1 1 0 1 0 1 1 1 0 0 0 1 0 2 1 0 1 2 1 1 1 0 1 1 1 0 0
b01151 0 2 0 1 0 2 2 1 1 1 1 1 0 1 2 1 0 2 1 1 0 2 0 0 2 0 2 0 0 2 1 0 1 1 1 1 0 1 0 1 0 2 1 1 0 1 1 1 2 1 1 1 1 2 1 0 0 1 2 1 2 1 0 1 0 0 2 0 0 0 1 1 2 1 1 1 2 1 0 0 0 1 1 2 2 1 1 1 0 0 2 1 0 1 2 0 0 0 2 0 1 1 1 2 0 1 1 2 1 1 0 0 0 1 1 1 0 1 1 0 0 1 1 1 2 1 1 1 0 1 1 0 0 0 0 1 0 1 2 0 0 1 1 0 0 0 0 0 1 2 0 1 1 1 0 0 1 1 0 0 2 0 0 0 1 0 0 0 0 1 1 2 0 1 1 0 1 1 1 1 1 0 0 1 1 0 2 1 0 1 1 1 1 1 1 2 1 1 0 0
a01152 1 2 0 0 0 2 0 0 0 1 1 0 0 2 2 1 0 2 1 1 0 1 1 1 2 0 0 0 1 1 1 0 1 2 1 1 0 1 1 0 0 2 1 2 0 0 2 2 2 0 1 1 1 1 1 0 1 0 2 0 0 1 0 1 1 2 1 0 0 0 2 1 1 1 1 2 1 1 1 1 1 1 1 1 2 0 0 1 0 0 1 1 0 1 0 0 0 1 1 0 0 1 1 1 1 2 1 0 1 0 0 0 0 1 0 1 0 2 2 0 1 1 1 0 2 0 0 1 0 1 1 0 0 0 0 1 0 1 1 2 0 0 1 0 0 0 1 0 1 2 0 2 1 1 1 0 1 1 1 0 1 1 0 0 2 0 1 0 0 1 1 2 0 1 1 0 1 0 1 1 2 0 0 1 1 0 1 1 0 1 2 1 1 2 2 1 1 2 0 0
b01153 1 1 2 0 0 0 1 1 0 2 1 0 2 1 1 1 0 1 1 1 0 0 2 1 0 1 0 0 0 1 1 2 1 0 2 0 0 0 1 0 1 0 0 1 1 0 0 0 1 1 2 0 2 0 1 2 0 1 1 2 1 2 0 2 2 0 1 1 1 1 0 0 2 1 1 1 0 2 1 2 0 2 0 1 1 0 1 1 0 0 0 1 1 2 0 0 0 1 2 0 1 1 0 1 1 1 1 0 0 0 1 -9 2 1 1 0 0 2 0 0 1 1 1 0 1 1 0 0 2 1 1 1 2 1 1 0 0 0 0 2 0 1 0 1 0 1 2 1 1 0 0 0 2 1 0 2 2 1 0 1 0 2 2 1 0 0 0 2 1 1 0 1 1 2 0 0 1 1 1 1 0 1 1 1 1 1 1 0 2 2 0 1 1 0 1 -9 0 0 0 2
a01154 2 0 2 0 2 0 1 0 0 2 1 0 2 1 0 1 1 1 2 1 1 1 2 -9 1 2 0 0 0 2 0 2 1 1 0 0 0 0 1 1 0 0 0 0 1 0 0 1 1 0 1 1 2 0 1 2 0 2 0 1 1 1 0 1 0 0 2 2 1 2 0 0 0 2 0 1 0 1 1 1 1 0 0 0 1 0 1 1 1 1 0 1 1 2 0 0 0 0 2 1 1 1 1 0 0 1 1 0 0 1 0 0 1 2 0 0 0 1 0 1 1 1 1 0 1 0 0 0 2 0 1 0 2 0 1 1 0 0 0 1 1 1 0 2 0 1 2 1 0 0 0 1 2 1 0 1 0 1 1 1 1 0 2 1 1 0 0 1 0 1 2 1 0 2 0 0 0 1 0 1 0 1 1 1 1 1 1 0 0 2 0 1 1 0 1 1 0 0 1 1
a01155 1 1 2 0 2 0 0 1 0 2 1 1 2 1 0 1 1 1 1 2 1 0 2 1 1 2 0 0 0 1 1 2 0 1 1 0 0 0 1 0 0 1 1 1 0 0 0 2 1 1 1 1 1 0 1 2 1 2 0 2 1 1 0 0 0 0 1 1 1 0 0 0 1 2 2 1 0 2 1 1 1 1 0 1 1 0 0 1 1 0 0 1 0 1 0 0 0 1 2 1 1 1 0 0 0 1 1 0 1 1 1 0 1 2 0 0 0 2 0 0 1 1 0 0 1 0 0 0 2 0 1 0 2 1 2 1 0 0 0 1 1 1 1 0 0 2 1 2 1 0 1 1 1 1 0 1 1 2 1 1 0 2 1 1 2 0 0 1 1 2 2 1 0 2 0 0 1 2 1 1 0 1 2 1 1 2 1 1 1 1 0 0 1 0 2 1 1 0 0 1
a01156 2 1 1 0 2 0 0 0 0 2 1 0 1 1 0 1 0 1 1 0 1 0 1 1 1 0 0 0 0 2 0 2 1 0 1 0 0 0 1 0 0 0 1 1 0 0 0 2 1 0 1 0 1 0 1 2 0 2 0 1 1 2 0 0 1 0 1 0 1 1 1 0 1 2 2 1 0 1 0 1 1 1 0 0 0 0 0 1 0 1 1 0 0 2 0 0 0 0 2 0 1 1 0 0 1 1 1 0 1 0 0 0 1 1 1 0 0 1 0 0 1 1 1 0 1 0 0 0 2 1 1 1 1 0 2 1 0 0 0 1 1 1 1 2 0 2 1 2 0 0 1 1 2 1 0 2 2 2 0 1 1 1 2 1 1 0 1 2 1 2 2 1 0 2 1 0 2 0 0 1 0 0 2 1 1 2 -9 0 1 1 0 0 0 0 1 1 0 0 2 1
a01158 1 1 1 0 0 1 0 1 0 0 1 1 1 1 2 1 0 1 2 1 0 2 1 0 1 1 1 0 0 2 0 0 1 1 2 0 0 0 0 2 0 1 2 0 0 0 1 2 1 2 0 0 0 1 1 0 0 1 1 2 1 1 0 1 1 1 1 0 0 1 1 1 0 1 0 1 1 1 1 1 0 1 2 1 2 0 2 1 1 0 1 0 0 0 2 1 0 2 2 0 1 0 0 1 0 0 0 2 1 1 2 0 0 1 1 1 0 2 1 1 1 1 0 0 2 1 1 2 0 1 1 0 2 0 1 1 1 2 0 2 0 0 1 1 0 0 1 0 2 2 0 0 0 1 1 1 0 1 0 0 2 1 1 0 0 1 1 1 0 0 1 1 1 0 0 0 0 0 0 0 1 1 0 2 0 0 0 2 0 2 2 2 1 1 1 1 0 1 0 1
b01159 1 1 1 1 0 1 1 1 0 1 2 -9 1 1 0 1 0 1 1 2 0 1 1 0 1 1 1 1 1 1 0 0 0 1 2 1 0 0 1 1 0 2 1 1 0 1 2 2 2 0 1 0 0 1 1 1 0 1 1 1 2 1 1 1 1 1 1 0 1 1 1 1 1 1 1 1 2 2 2 1 0 1 2 0 1 0 1 0 1 0 1 1 0 0 1 2 0 1 2 0 1 1 1 2 2 1 0 1 1 0 1 0 0 1 1 1 0 2 1 1 0 1 0 0 1 1 0 2 0 0 1 0 1 0 1 0 1 1 1 1 0 1 0 2 0 0 1 0 2 1 0 0 0 1 1 1 0 1 0 0 1 0 1 0 1 1 1 0 1 1 0 2 1 -9 0 0 1 1 0 0 0 0 1 1 1 0 1 2 1 2 2 1 1 1 2 0 2 2 0 1
b01160 0 1 1 1 0 1 1 1 0 0 1 1 1 1 0 1 0 1 0 2 0 2 0 0 1 1 1 0 0 2 0 0 0 2 2 1 0 0 0 2 0 2 1 0 2 1 2 1 1 1 0 0 0 2 1 0 1 1 1 2 1 1 1 0 1 1 1 0 0 1 2 1 1 1 1 1 2 2 2 1 0 2 2 1 2 0 0 0 0 1 1 2 1 0 1 1 0 2 2 0 0 0 2 2 1 1 0 1 1 1 1 1 0 1 2 0 0 2 0 0 0 1 0 0 2 1 1 2 1 1 1 0 1 0 1 0 1 0 1 1 0 1 1 0 0 0 0 0 2 1 0 0 0 0 1 1 0 2 0 -9 1 0 1 0 1 1 1 0 1 1 0 1 0 1 0 0 0 1 0 0 0 1 1 2 1 0 0 2 0 2 2 1 2 1 1 0 1 1 0 0
b01161 0 1 1 0 2 0 0 0 0 1 1 1 2 0 0 2 0 0 1 1 0 2 1 1 1 1 1 0 0 2 1 2 2 1 0 0 1 1 2 2 1 1 0 0 1 0 1 1 0 0 1 0 0 1 0 0 2 0 1 0 1 1 1 0 0 1 1 1 1 1 1 1 1 1 1 0 1 1 2 1 1 0 2 0 2 1 0 0 2 2 1 1 2 1 0 1 1 0 0 1 1 1 1 1 1 2 1 1 1 0 1 2 2 2 2 2 0 0 0 2 1 1 1 1 1 2 0 1 1 0 2 0 1 2 2 1 2 1 0 2 1 0 0 0 1 2 0 0 1 0 0 0 1 1 1 1 0 1 1 0 1 1 1 1 2 0 1 1 0 1 1 1 0 1 1 0 1 1 0 0 2 1 1 0 2 1 1 1 2 2 0 0 0 0 1 1 0 0 1 0
a01162 2 2 1 0 0 0 0 1 0 2 1 2 1 0 1 1 0 1 1 1 0 2 0 1 1 2 2 0 1 2 2 2 2 0 0 0 2 1 2 2 2 0 0 0 1 1 1 2 1 0 1 1 0 1 1 0 2 0 1 0 1 1 2 0 2 1 0 1 1 2 1 1 1 1 1 0 1 1 2 1 0 1 2 0 -9 1 0 1 1 2 1 0 1 1 0 1 1 0 0 1 0 2 -9 -9 1 1 0 1 1 0 1 2 2 2 1 2 0 1 0 2 2 0 1 1 0 0 1 1 1 1 2 0 1 1 0 1 1 0 -9 0 1 0 0 0 0 1 1 1 1 0 1 0 1 1 0 1 0 0 2 0 0 1 2 2 1 0 0 0 1 0 0 1 0 1 1 1 0 0 0 0 2 1 0 1 2 0 1 1 2 1 0 0 0 0 1 1 0 0 0 0
a01163 2 2 1 0 2 1 0 1 0 1 1 0 1 0 1 2 0 1 1 1 0 2 1 1 1 0 1 0 1 2 2 1 1 1 0 0 0 0 1 1 2 1 0 1 0 1 1 1 0 1 1 1 0 1 2 1 2 0 1 1 1 1 2 1 0 1 1 1 1 1 1 1 0 2 1 1 2 1 1 0 0 0 0 0 2 0 0 0 1 1 1 0 2 0 0 1 1 0 0 0 1 1 2 1 1 0 0 0 0 0 1 2 2 2 1 2 0 1 0 2 2 0 1 1 2 1 0 1 1 0 2 0 1 1 1 1 1 0 1 0 1 0 1 0 0 1 0 1 1 0 0 1 1 1 0 2 0 1 1 0 1 1 2 0 1 0 0 0 0 1 1 1 0 1 1 0 0 0 0 0 2 1 1 1 2 1 1 1 2 2 0 0 0 0 1 1 0 0 1 0
b01164 1 1 1 0 0 1 0 1 0 1 1 1 2 0 1 2 0 1 1 1 0 2 1 1 2 0 1 0 1 2 2 1 2 1 1 0 2 0 2 1 2 0 0 1 1 0 1 2 1 1 1 0 1 1 1 0 2 0 1 1 0 0 2 1 1 1 1 1 1 0 1 1 1 1 1 0 1 1 2 0 0 0 1 0 2 0 0 1 0 2 1 1 1 0 0 1 1 0 1 2 0 1 0 1 0 2 1 1 0 0 2 1 1 1 2 1 1 1 0 1 1 0 1 1 1 1 0 1 1 1 2 0 1 1 0 1 2 1 0 0 1 0 1 0 0 2 1 1 1 0 0 0 0 0 1 2 0 0 2 0 1 0 2 0 2 1 0 0 0 1 1 1 0 1 1 0 1 0 0 1 2 2 1 0 2 1 1 1 2 2 0 0 0 0 0 0 0 1 1 0
b01165 2 1 2 0 2 1 2 1 0 2 2 1 1 2 1 2 0 1 1 0 2 0 1 0 2 1 1 0 1 0 1 1 0 0 2 1 0 0 2 1 1 1 0 0 0 1 1 1 1 1 1 0 2 1 1 1 1 2 0 0 2 0 0 2 1 1 1 0 0 1 1 1 1 1 1 1 1 1 1 1 1 2 0 0 2 1 0 1 2 1 1 0 1 0 0 1 1 1 2 2 0 1 0 0 1 1 2 0 1 1 0 1 1 1 0 1 0 1 0 0 2 1 0 1 1 0 0 1 2 1 1 1 1 1 2 0 0 1 2 2 2 2 1 1 0 1 0 1 1 0 1 1 0 0 1 1 2 1 1 0 1 0 2 1 1 1 0 0 0 1 1 1 1 1 1 1 0 1 0 1 1 0 0 1 0 2 2 1 1 2 1 0 1 0 2 0 1 1 1 1
a01166 1 0 2 0 2 1 1 1 0 1 2 1 0 2 2 2 1 1 1 0 2 0 1 0 1 1 1 0 1 1 1 2 1 0 1 1 0 0 2 1 0 1 1 0 0 1 0 2 1 1 2 1 0 1 1 1 0 2 0 1 0 0 0 1 0 0 1 0 0 1 0 1 1 0 1 1 1 1 0 2 2 2 0 0 2 1 0 1 2 0 0 0 0 1 1 0 1 0 2 2 0 1 0 0 1 0 1 0 1 1 1 0 1 1 0 1 0 2 1 0 1 1 1 0 1 0 0 1 2 0 1 0 2 0 2 0 0 1 0 2 2 2 2 1 1 1 1 1 1 0 1 1 1 1 1 1 1 1 1 0 0 0 2 1 1 1 1 0 1 1 0 1 1 2 0 0 0 1 0 0 0 0 1 1 0 2 2 0 0 2 1 0 0 1 1 0 2 1 1 0
a01167 1 0 0 0 2 1 1 1 0 2 1 2 0 1 1 1 1 1 1 1 1 0 1 0 1 1 1 1 1 1 1 2 0 1 1 0 0 0 2 1 1 1 0 0 0 1 1 0 1 0 1 1 2 1 1 1 1 1 0 1 1 0 0 1 1 0 0 0 1 1 0 1 2 0 0 1 1 1 0 1 1 1 0 0 2 1 0 1 2 0 1 0 0 1 0 1 1 2 2 2 1 2 0 0 1 1 2 0 1 0 0 1 1 1 0 1 0 1 1 0 1 1 1 0 1 0 0 1 2 1 1 0 1 2 2 0 0 1 0 2 1 2 1 0 1 1 0 1 1 1 0 0 1 1 0 1 1 2 1 0 0 0 2 1 0 1 1 1 1 2 1 1 0 2 1 1 0 0 0 1 1 0 0 1 0 2 2 0 0 2 1 1 0 1 1 0 1 1 1 1
b01168 2 0 2 0 1 1 1 1 0 2 1 2 0 1 0 2 0 1 1 0 1 0 1 0 -9 2 1 0 1 0 1 1 1 2 2 1 0 0 2 0 1 1 0 0 0 1 0 1 1 1 1 1 2 1 1 1 1 2 0 0 2 0 0 1 1 0 0 0 1 1 0 1 1 1 0 1 1 2 0 1 2 0 0 0 1 0 0 1 2 0 0 0 0 0 1 1 1 1 2 2 1 0 -9 0 1 0 1 0 0 0 1 0 1 1 -9 0 2 1 1 0 -9 1 1 1 1 0 0 1 2 1 2 1 1 1 2 0 1 1 0 2 2 2 0 0 0 0 2 1 0 0 0 0 1 0 0 1 1 1 1 0 1 1 2 1 0 1 1 0 0 2 0 1 1 1 1 0 1 1 0 0 0 0 1 1 1 2 2 0 1 2 0 0 1 1 1 1 1 1 1 0
a01169 0 1 0 0 0 2 0 2 0 2 2 1 2 1 1 1 0 0 1 0 0 0 1 2 1 0 1 0 0 2 1 1 1 1 1 1 1 2 1 1 1 2 1 1 2 1 2 1 2 0 1 1 1 1 1 1 0 1 1 1 2 2 0 2 1 1 1 0 0 1 2 2 0 0 2 1 0 1 0 1 2 1 0 1 2 0 1 0 1 1 1 1 1 2 1 0 1 0 1 0 1 2 1 1 1 -9 0 1 1 1 0 0 2 1 0 0 0 1 2 0 1 2 1 1 2 0 1 0 1 0 1 1 0 0 0 1 1 1 2 0 0 1 0 1 1 1 1 1 1 1 0 0 1 0 1 1 1 0 0 1 2 2 1 0 1 1 1 1 1 1 1 2 1 1 1 0 2 0 2 1 2 1 1 0 2 0 2 1 1 0 1 1 0 1 1 1 2 1 0 0
a01170 0 1 1 0 0 1 2 1 1 1 2 1 0 0 1 1 0 1 1 1 0 1 0 2 1 0 0 0 1 2 2 1 1 0 0 1 1 1 1 2 1 1 0 1 1 0 1 0 2 0 1 2 2 1 1 1 0 1 1 1 1 1 0 1 2 0 1 0 1 0 2 2 1 1 2 2 0 0 0 1 2 1 0 1 1 0 1 0 1 0 1 1 1 2 1 0 1 2 0 0 1 1 2 2 1 2 0 1 1 0 0 0 1 1 0 1 0 2 2 0 0 2 2 1 2 0 1 1 0 0 1 1 0 0 0 1 1 1 2 1 0 1 0 1 1 1 2 2 1 2 1 0 0 0 0 2 1 1 1 1 1 2 0 0 0 1 1 1 0 1 1 2 0 0 1 0 1 0 2 1 1 1 1 1 2 1 2 1 1 1 0 1 0 0 0 1 0 2 0 0
a01171 0 1 0 0 0 2 1 1 0 1 0 1 1 0 1 0 0 0 0 0 0 2 0 1 2 1 1 0 1 2 1 1 0 1 1 1 0 1 1 0 1 0 1 1 0 0 1 0 2 0 1 2 1 0 1 1 0 1 1 1 1 2 0 2 2 1 1 0 0 0 2 1 1 1 1 0 1 0 1 1 2 0 0 2 2 1 1 0 1 1 1 1 1 2 2 0 1 1 1 0 0 1 0 2 1 1 0 0 1 0 0 0 1 1 0 1 0 2 1 0 2 2 1 1 2 1 1 1 0 0 1 1 0 0 0 1 1 0 1 0 0 1 0 1 1 0 0 0 1 2 0 1 1 1 0 0 0 0 0 0 1 2 1 0 0 1 1 1 1 1 2 1 1 0 1 1 1 1 2 1 1 1 1 0 2 1 2 1 2 1 0 1 0 1 1 1 0 0 0 0
b01172 0 1 0 0 0 1 1 1 0 2 0 0 0 0 1 0 0 0 1 1 0 2 0 1 1 1 0 0 1 2 2 1 0 1 0 2 0 2 2 1 1 1 1 2 2 0 1 0 2 1 1 2 2 1 1 1 1 1 1 1 0 1 0 0 2 2 1 0 1 0 2 1 1 1 2 1 0 1 1 1 1 0 0 0 1 1 1 0 1 2 1 1 0 2 2 0 0 2 0 -9 1 1 0 2 2 2 1 1 2 1 0 0 2 1 0 1 0 1 1 0 1 2 2 2 2 1 1 1 1 0 1 0 0 0 0 1 1 1 2 0 0 1 0 1 1 1 2 1 1 0 0 2 0 1 1 1 0 1 1 0 1 1 1 0 1 0 2 2 0 1 0 2 0 1 1 0 1 1 2 0 1 1 1 0 2 0 1 1 2 1 0 1 1 1 2 2 0 0 0 0
a01173 1 0 0 0 1 0 1 0 1 0 1 1 0 1 1 1 1 0 1 0 1 1 2 0 0 0 1 0 1 2 2 2 1 0 0 1 0 1 0 0 0 0 0 1 0 0 1 2 1 1 1 0 1 0 1 1 0 0 1 0 0 0 0 0 0 1 2 1 0 1 1 0 0 0 2 1 1 1 1 1 2 0 0 1 0 0 1 1 1 1 0 0 -9 2 2 2 0 0 0 2 2 2 1 0 0 2 1 1 1 0 1 0 2 0 0 2 0 1 2 0 1 1 0 1 1 1 0 0 1 0 1 0 0 0 2 0 0 1 0 2 2 2 1 1 2 1 1 1 2 1 2 1 1 1 1 1 1 1 0 1 1 1 1 0 1 0 0 1 0 1 1 1 1 0 1 2 0 1 1 1 1 0 1 0 2 1 1 1 1 1 0 1 1 0 0 2 0 0 0 0
b01174 0 0 0 0 1 0 1 0 1 1 1 1 0 1 1 2 1 0 1 0 0 1 1 1 0 1 1 0 1 2 1 2 0 0 0 1 0 1 2 0 0 0 0 0 1 1 0 1 1 1 1 1 0 0 1 2 0 0 1 1 0 0 0 0 0 1 1 1 0 0 2 0 0 1 2 2 0 1 0 1 2 0 1 0 0 0 1 1 0 1 1 1 0 0 1 1 0 1 0 2 1 1 1 1 0 1 -9 0 1 0 1 1 1 1 1 1 0 2 2 1 1 1 0 1 1 1 2 1 1 0 1 0 0 1 1 1 0 0 1 2 2 1 2 1 1 1 1 1 2 0 2 1 1 1 1 0 1 1 0 1 0 1 2 0 0 1 0 1 1 1 1 1 1 0 1 1 0 0 0 2 1 0 2 0 2 2 1 1 0 2 1 0 1 0 0 1 1 1 1 0
b01175 0 0 0 0 1 0 1 0 1 0 1 0 0 1 1 1 1 1 2 0 1 2 1 0 0 0 2 1 1 2 1 1 1 0 0 1 0 0 1 0 0 1 0 1 1 1 1 1 1 1 1 0 0 1 2 2 -9 0 1 0 0 0 0 0 0 1 2 0 0 0 1 1 1 0 2 1 0 1 0 1 2 1 1 1 0 0 0 1 1 1 1 0 1 0 1 1 1 0 0 2 1 1 1 1 0 0 0 1 1 1 1 1 0 0 1 1 0 2 2 1 1 1 0 1 1 0 2 0 1 1 1 0 0 0 2 1 1 1 1 2 1 0 2 1 1 1 2 2 2 0 2 1 0 2 1 0 2 0 0 1 0 1 1 0 1 1 1 0 1 0 1 1 1 0 1 2 0 0 1 1 1 0 1 0 2 1 1 1 1 1 0 0 0 0 0 2 1 1 0 0
a01176 1 0 0 0 1 2 0 0 0 0 0 0 1 0 1 2 1 1 2 0 1 2 2 0 0 1 0 1 1 2 1 2 0 0 0 1 0 0 1 0 0 1 0 1 1 0 1 1 1 1 1 1 0 0 2 2 0 0 1 0 0 0 0 0 1 1 2 1 0 0 1 0 1 0 2 1 0 1 1 1 2 0 0 0 0 0 1 1 0 1 2 1 1 1 1 1 2 0 0 2 1 1 1 0 0 1 0 1 1 0 1 0 1 1 1 1 0 1 2 0 1 1 0 0 1 1 1 1 1 0 1 0 0 1 1 0 1 1 -9 2 1 2 2 2 0 1 1 1 2 0 2 1 2 1 1 1 1 1 0 2 0 1 0 0 1 1 0 0 1 0 2 2 1 1 1 0 1 1 1 2 1 0 1 0 1 1 1 1 1 1 0 0 0 0 0 1 0 0 1 0
a01177 1 0 0 0 1 0 1 0 1 0 0 1 0 0 1 2 1 0 2 0 0 2 1 1 0 0 2 0 1 2 1 2 1 0 0 1 0 1 1 0 0 0 0 1 2 1 1 2 1 1 1 1 1 1 0 0 1 1 1 0 0 0 0 0 0 1 1 0 0 1 1 0 0 0 2 2 2 1 1 1 1 0 0 1 1 0 1 1 0 1 1 1 1 0 1 1 0 1 0 2 1 0 1 1 0 0 1 1 1 0 2 1 1 1 1 2 0 0 2 0 1 0 0 1 1 0 0 1 1 2 -9 0 0 1 1 1 2 1 -9 2 2 0 1 1 2 1 2 2 2 1 2 1 0 1 1 0 0 0 0 1 0 1 1 0 0 1 1 0 0 1 0 2 1 0 2 2 1 1 2 1 1 0 2 0 1 2 1 1 0 2 1 0 0 0 0 2 1 1 0 0
b01178 1 0 0 0 1 1 1 0 1 0 1 1 1 1 1 2 1 0 1 0 1 1 1 1 0 0 2 0 0 2 2 1 1 0 1 1 0 1 1 0 0 1 0 2 0 0 0 1 1 1 1 1 0 0 1 1 1 0 1 0 1 0 0 0 0 1 1 1 0 1 1 0 0 0 1 1 0 1 1 1 1 0 1 1 0 0 0 1 0 1 0 0 0 0 1 0 1 0 0 2 1 1 1 0 0 2 2 2 1 1 1 1 1 2 1 1 0 2 2 0 1 2 0 1 1 1 0 1 1 0 1 0 0 1 1 1 0 0 1 2 1 2 2 2 2 2 1 2 2 1 2 1 0 1 1 0 0 0 0 1 1 1 1 0 0 1 1 1 0 0 1 2 2 1 1 2 1 0 1 2 0 0 1 0 1 2 1 1 1 1 0 0 1 0 -9 1 0 0 1 0
a01179 1 0 0 0 1 0 1 0 1 1 0 1 1 1 1 2 1 1 1 0 0 2 1 1 0 0 1 0 0 2 2 2 1 0 0 1 0 0 0 0 0 2 0 2 0 1 1 1 1 1 1 1 1 1 2 0 1 0 1 1 1 0 0 0 0 1 1 1 0 1 1 1 1 1 2 1 2 1 0 1 0 0 1 0 1 0 1 1 0 1 0 1 0 0 2 1 1 0 0 2 2 1 1 0 0 1 2 1 1 1 1 1 0 1 0 0 0 0 2 0 1 1 0 1 1 1 1 0 1 0 1 0 0 1 1 1 1 0 1 2 0 2 1 1 1 1 1 2 2 0 2 1 2 1 1 1 1 1 0 1 1 1 1 0 0 0 1 1 0 0 2 2 2 0 1 0 1 1 2 1 0 0 1 0 1 1 1 1 0 1 1 1 1 0 0 2 1 0 0 0
b01180 0 0 0 0 1 1 0 0 0 0 0 1 1 0 1 2 1 0 1 0 1 2 2 0 0 1 0 0 1 2 0 2 0 0 1 1 0 0 1 0 0 1 0 1 2 0 0 2 1 1 1 0 1 1 1 0 1 0 1 1 0 0 0 0 1 1 1 1 0 1 1 1 0 0 1 1 2 1 1 1 0 1 0 0 0 0 1 1 0 1 2 1 0 0 2 2 2 1 0 2 0 0 1 0 0 1 1 1 1 0 1 0 0 2 0 1 0 2 2 0 2 0 0 1 1 0 0 1 1 2 1 0 0 1 1 1 2 1 0 2 0 1 1 2 1 2 1 2 2 0 2 1 0 1 1 0 0 1 0 0 0 1 1 0 1 0 2 0 0 0 0 2 1 0 1 1 1 0 1 2 0 0 2 0 2 2 1 1 0 2 0 1 1 0 0 2 0 0 1 0
a01181 2 0 1 0 1 1 0 0 0 0 1 0 0 0 2 0 1 0 2 1 0 0 0 0 0 1 1 0 1 0 0 1 0 2 0 0 2 1 0 0 1 -9 1 1 1 2 1 1 1 0 1 1 1 0 1 0 1 1 0 1 0 0 1 1 1 2 0 0 1 1 1 1 2 0 2 2 1 0 0 2 2 1 1 0 2 0 0 1 2 1 1 1 0 0 2 0 0 0 -9 1 2 1 0 1 0 0 0 0 0 2 0 1 0 0 0 1 0 0 1 1 1 2 2 1 2 1 1 2 2 2 1 1 1 0 1 1 1 1 1 0 1 0 0 1 1 2 1 1 2 1 1 2 1 0 0 1 1 1 1 0 2 0 1 0 0 1 2 0 0 0 1 1 2 1 2 1 0 0 1 0 1 0 0 0 1 2 2 1 0 2 0 1 1 0 1 0 1 1 0 1
b01182 2 1 2 1 2 1 0 0 0 0 2 0 0 0 2 0 1 0 1 2 1 0 1 1 0 -9 1 1 0 1 1 0 0 2 0 0 2 1 1 1 1 0 0 0 1 2 1 1 1 0 2 2 1 0 0 0 1 0 0 1 1 0 1 1 2 2 0 0 1 0 0 2 2 1 2 2 1 0 0 2 1 0 1 1 1 0 1 1 2 2 1 0 0 1 2 1 0 1 0 1 2 0 0 2 0 0 2 2 0 2 0 1 0 0 0 2 0 0 1 0 0 1 1 1 2 1 1 2 2 2 2 1 1 0 2 1 1 0 1 0 1 0 0 1 1 1 1 1 0 1 0 1 1 2 0 0 2 0 1 0 2 0 1 1 1 1 1 1 0 1 1 1 2 0 1 0 1 0 0 0 2 2 0 0 1 2 2 1 1 0 0 2 0 -9 1 0 1 1 1 1
a01183 2 1 2 0 1 1 0 1 0 0 1 0 1 1 2 0 2 0 2 1 0 0 0 0 0 1 0 1 0 1 2 -9 1 2 0 0 2 1 1 0 0 1 1 1 0 2 0 1 2 0 1 1 0 0 0 0 1 1 0 1 2 0 1 1 1 0 0 1 1 0 1 1 2 1 2 0 0 1 0 2 0 1 1 1 0 0 1 1 1 2 1 1 1 0 1 1 0 0 0 0 2 1 0 2 0 0 0 1 0 2 0 1 0 0 1 2 0 1 1 0 0 1 2 1 1 1 1 1 2 2 2 1 0 0 2 2 0 1 1 0 1 2 0 0 1 1 1 1 1 1 1 1 1 0 0 1 1 0 1 0 0 1 1 0 1 1 1 0 1 0 0 1 2 1 2 0 1 0 1 1 2 1 0 1 0 2 2 1 1 1 0 1 0 0 0 0 1 1 0 1
b01184 1 1 2 1 1 1 0 0 0 0 1 0 1 1 2 0 1 0 0 1 1 0 0 1 0 1 1 0 1 2 2 0 1 2 0 0 2 1 0 1 1 1 0 0 0 2 1 0 1 0 2 2 1 0 0 0 1 0 0 1 1 0 1 0 1 1 0 1 0 1 1 1 2 2 2 1 1 1 0 2 2 1 0 1 2 0 0 0 2 1 1 0 0 0 2 0 0 0 1 0 2 0 0 1 0 0 2 2 0 2 1 0 0 0 0 2 1 0 1 1 1 2 1 1 1 1 1 2 2 2 2 0 1 0 1 2 0 1 1 0 1 0 0 0 0 1 1 0 2 1 1 2 1 1 0 1 0 1 1 0 2 1 1 1 0 0 1 1 1 1 1 1 1 1 1 0 0 0 1 1 1 1 0 1 1 2 2 1 1 2 0 1 1 0 1 0 1 1 0 1
a01185 0 1 1 1 1 1 0 2 1 0 0 1 2 1 1 0 0 2 1 1 1 1 1 1 2 1 0 1 0 0 1 0 1 1 1 1 1 0 2 1 0 0 0 1 1 1 2 0 1 2 1 1 1 1 1 0 0 1 0 1 0 1 1 0 2 1 1 2 0 1 1 1 1 0 2 2 1 1 0 1 1 1 0 0 -9 1 0 2 2 1 2 1 2 0 1 2 1 2 1 1 1 1 0 0 1 1 1 2 2 1 2 0 0 0 0 1 1 0 0 1 1 1 1 1 1 1 0 2 1 1 0 1 0 2 1 1 0 0 1 2 2 0 1 1 1 1 1 2 0 1 2 0 0 0 1 0 0 1 1 0 0 1 1 0 0 2 0 0 2 1 0 2 1 1 2 0 2 0 1 1 2 1 -9 0 2 0 0 1 1 0 2 1 2 1 0 1 0 1 1 1
a01186 0 1 1 1 2 2 1 2 0 0 0 0 2 1 0 0 0 1 0 1 1 1 1 1 2 1 0 0 0 0 0 0 1 1 0 2 2 0 1 1 1 0 1 1 1 1 -9 0 2 2 1 1 1 1 0 0 0 1 0 1 0 0 0 0 1 1 1 1 0 0 1 2 0 1 2 2 1 2 1 1 2 1 2 1 0 0 2 2 2 1 2 2 0 0 0 2 0 1 1 0 0 1 0 1 1 1 1 0 2 1 2 0 0 1 1 2 1 0 0 1 1 2 1 2 2 2 0 1 1 1 0 1 1 2 1 1 0 0 1 2 0 0 2 0 1 2 1 1 1 0 1 1 1 1 1 1 0 2 2 0 0 0 1 1 1 0 0 0 2 0 0 2 0 2 0 0 2 1 0 1 2 0 0 0 2 0 1 1 1 0 2 2 1 1 0 2 1 0 0 0
b01187 0 1 1 0 1 2 1 2 0 0 1 0 1 1 1 0 0 2 0 1 0 0 1 1 1 2 0 1 0 0 1 1 0 1 1 1 2 0 1 1 1 0 0 1 1 1 0 0 1 2 0 0 2 1 1 0 0 1 0 1 0 0 1 0 2 1 1 0 1 1 2 2 0 0 2 2 1 2 0 1 1 1 1 1 0 1 1 1 2 1 1 1 0 0 0 1 0 1 2 0 2 1 0 0 1 1 1 1 1 1 2 0 0 1 0 1 1 0 0 2 1 1 0 2 1 2 0 1 1 1 0 2 0 1 1 0 0 0 1 1 1 0 -9 0 1 2 1 0 0 0 2 0 0 1 1 2 0 2 0 0 1 1 0 0 0 1 1 0 1 1 0 2 0 1 1 1 1 0 1 0 2 1 0 0 1 0 0 0 0 1 0 1 1 1 0 1 1 1 1 0
b01188 0 1 0 0 2 1 0 1 0 0 1 1 1 1 1 0 0 2 0 1 1 0 1 1 2 1 0 0 0 0 1 0 1 0 0 1 0 1 2 1 0 0 1 0 1 1 1 0 1 2 0 0 2 1 2 0 0 0 0 1 1 1 1 0 1 1 1 1 0 1 2 2 1 2 2 2 1 1 1 1 2 1 0 1 1 1 1 2 2 1 2 1 2 0 0 2 0 2 2 1 1 1 0 0 2 1 1 0 0 1 2 0 0 1 1 2 1 0 0 2 2 1 0 1 1 1 0 1 1 1 0 2 0 2 1 2 0 0 1 1 0 1 1 0 2 2 0 1 1 1 1 1 1 1 1 2 0 2 2 0 0 1 1 0 0 1 1 0 2 0 0 2 0 2 1 2 1 0 1 1 2 1 0 0 2 0 1 1 0 0 1 1 1 1 0 1 1 1 0 1
a01189 0 1 0 0 1 0 0 0 0 1 1 1 1 0 2 1 0 1 1 1 0 2 0 0 2 0 1 0 0 2 1 2 0 1 0 0 1 0 2 1 2 0 0 1 0 0 1 1 1 0 1 0 1 1 2 0 2 0 1 1 0 1 1 0 2 1 0 1 1 2 2 1 0 2 1 0 1 1 1 0 1 1 1 0 2 1 0 0 1 1 1 0 2 0 0 1 1 1 1 1 1 2 1 1 0 1 0 1 1 0 2 2 1 1 2 2 0 1 0 1 2 1 1 1 0 0 0 1 1 0 2 0 1 1 0 1 0 0 1 0 0 0 1 0 1 1 1 0 1 0 0 0 1 0 0 1 0 2 2 0 0 1 2 2 2 1 1 0 1 0 1 1 0 1 1 0 1 0 0 1 1 2 0 1 2 0 1 1 2 2 0 0 0 0 1 1 2 0 0 0
a01190 2 2 0 0 0 0 0 1 0 1 1 2 2 0 2 2 0 0 1 2 0 2 1 0 1 1 1 0 1 2 1 1 2 0 0 1 0 0 1 2 2 0 0 2 1 1 1 2 1 1 1 0 1 1 1 0 2 0 1 0 1 1 1 -9 0 1 1 1 1 1 2 0 1 1 0 0 1 1 1 0 0 0 0 0 2 0 0 0 1 1 -9 0 1 1 0 1 1 1 1 0 1 2 1 1 0 1 1 0 0 -9 1 2 2 1 1 1 0 1 0 1 2 0 1 1 0 1 1 1 1 0 2 0 1 1 0 2 2 0 1 2 0 0 1 0 1 1 1 0 1 0 1 1 1 0 0 2 0 0 2 0 1 1 1 0 1 1 1 1 1 1 0 1 0 1 1 1 1 0 0 1 2 2 0 1 2 -9 1 1 2 2 0 0 0 0 1 1 0 1 2 0
b01191 2 1 0 0 2 1 0 1 0 0 1 1 1 0 1 1 0 0 1 2 0 2 1 0 1 2 0 0 0 2 1 2 1 1 0 0 0 -9 1 1 1 0 0 1 0 1 1 2 0 0 1 1 1 1 1 0 2 0 1 1 1 0 1 1 2 1 0 1 1 1 2 1 0 2 1 0 2 1 1 1 1 1 0 0 2 1 0 1 2 1 1 1 2 1 0 1 1 1 1 0 0 2 2 1 1 1 1 0 1 0 2 2 1 2 0 2 0 -9 0 1 2 1 1 1 1 1 1 1 1 0 2 0 1 1 1 2 1 0 0 2 1 0 1 0 0 2 0 0 1 0 1 1 1 1 0 1 0 2 1 0 0 1 2 1 2 1 1 1 1 1 0 1 0 1 1 0 1 0 0 1 1 2 1 1 2 0 0 1 2 1 0 0 0 0 0 0 0 -9 1 0
a01192 1 2 1 0 1 1 0 1 0 1 1 0 2 0 2 1 0 1 1 1 0 2 0 0 2 2 1 0 1 2 2 2 1 0 1 0 2 0 2 2 1 1 0 0 1 0 1 0 1 1 1 1 0 1 1 1 2 0 1 1 1 0 1 0 0 1 0 1 1 2 2 1 1 2 1 1 1 1 2 1 1 0 0 0 2 0 0 1 2 1 1 1 2 1 0 1 1 1 1 1 1 0 1 1 1 1 1 1 0 0 1 2 2 2 0 1 1 1 0 2 2 0 1 1 0 1 0 1 1 1 -9 0 1 1 1 1 2 1 1 0 1 0 0 0 1 2 1 0 1 0 0 1 0 0 0 1 0 1 2 0 1 0 1 1 1 1 1 0 0 0 1 1 0 1 1 0 1 1 0 1 2 1 1 1 2 -9 1 1 2 1 0 0 0 0 1 1 0 0 0 0
